1 0.943359375 0.575 0.01640625 0.08055555555555556
1 0.39765625 0.34791666666666665 0.0171875 0.05138888888888889
1 0.81796875 0.6131944444444445 0.0203125 0.08472222222222223
1 0.74296875 0.3013888888888889 0.015625 0.04722222222222222
1 0.370703125 0.6965277777777777 0.02578125 0.09583333333333334
1 0.9078125 0.38680555555555557 0.0140625 0.059722222222222225
1 0.489453125 0.41458333333333336 0.01796875 0.059722222222222225
1 0.966796875 0.40625 0.01953125 0.05694444444444444
1 0.21484375 0.5270833333333333 0.0203125 0.0763888888888889
1 0.281640625 0.6444444444444445 0.02734375 0.07777777777777778
1 0.3828125 0.5909722222222222 0.0265625 0.0625
1 0.285546875 0.6465277777777778 0.03671875 0.08194444444444444
1 0.21328125 0.525 0.015625 0.06944444444444445
1 0.623046875 0.25833333333333336 0.01171875 0.05
0 0.943359375 0.575 0.01640625 0.08055555555555556
1 0.39765625 0.34791666666666665 0.0171875 0.05138888888888889
1 0.81796875 0.6131944444444445 0.0203125 0.08472222222222223
1 0.370703125 0.6965277777777777 0.02578125 0.09583333333333334
1 0.74296875 0.3013888888888889 0.015625 0.04722222222222222
1 0.9078125 0.38680555555555557 0.0140625 0.059722222222222225
1 0.489453125 0.41458333333333336 0.01796875 0.059722222222222225
1 0.966796875 0.40625 0.01953125 0.05694444444444444
1 0.28125 0.64375 0.0265625 0.0763888888888889
1 0.21484375 0.5270833333333333 0.0203125 0.0763888888888889
1 0.3828125 0.5909722222222222 0.0265625 0.0625
1 0.285546875 0.6465277777777778 0.03671875 0.08194444444444444
1 0.21328125 0.525 0.015625 0.06944444444444445
1 0.623046875 0.25833333333333336 0.01171875 0.05
1 0.3734375 0.69375 0.0234375 0.09861111111111111
1 0.396484375 0.35 0.01484375 0.05277777777777778
1 0.74296875 0.30277777777777776 0.0203125 0.04722222222222222
1 0.9671875 0.41180555555555554 0.0234375 0.0625
1 0.818359375 0.6166666666666667 0.02578125 0.08333333333333333
1 0.214453125 0.5291666666666667 0.01796875 0.07777777777777778
1 0.9078125 0.38819444444444445 0.0140625 0.06527777777777778
1 0.9421875 0.5722222222222222 0.015625 0.07777777777777778
1 0.283984375 0.6472222222222223 0.04140625 0.08055555555555556
1 0.217578125 0.5291666666666667 0.02578125 0.08333333333333333
0 0.488671875 0.41388888888888886 0.02265625 0.06388888888888888
1 0.38515625 0.5930555555555556 0.021875 0.06111111111111111
1 0.6734375 0.40347222222222223 0.015625 0.05416666666666667
1 0.53203125 0.5270833333333333 0.0140625 0.059722222222222225
0 0.48515625 0.41041666666666665 0.015625 0.05416666666666667
0 0.37421875 0.6902777777777778 0.0234375 0.1
1 0.94140625 0.5736111111111111 0.0203125 0.08055555555555556
1 0.96484375 0.4111111111111111 0.028125 0.06388888888888888
1 0.3953125 0.3506944444444444 0.015625 0.05416666666666667
1 0.741796875 0.3020833333333333 0.01953125 0.04583333333333333
1 0.816796875 0.61875 0.02109375 0.08194444444444444
1 0.214453125 0.5305555555555556 0.02109375 0.08333333333333333
1 0.90546875 0.3875 0.0140625 0.06111111111111111
1 0.27578125 0.6444444444444445 0.021875 0.07222222222222222
1 0.626953125 0.2611111111111111 0.01328125 0.04722222222222222
1 0.672265625 0.4027777777777778 0.01328125 0.05277777777777778
0 0.48359375 0.4131944444444444 0.0203125 0.05694444444444444
1 0.37421875 0.6875 0.0203125 0.09444444444444444
0 0.940234375 0.5784722222222223 0.02578125 0.09861111111111111
1 0.904296875 0.3888888888888889 0.01484375 0.06388888888888888
0 0.81484375 0.6180555555555556 0.0171875 0.07777777777777778
1 0.9609375 0.4131944444444444 0.0296875 0.06805555555555555
1 0.394921875 0.35347222222222224 0.01484375 0.05694444444444444
1 0.7390625 0.30277777777777776 0.015625 0.04722222222222222
1 0.211328125 0.5291666666666667 0.01796875 0.07777777777777778
0 0.62734375 0.26180555555555557 0.015625 0.04861111111111111
1 0.93671875 0.5736111111111111 0.0328125 0.08611111111111111
1 0.37421875 0.6861111111111111 0.0203125 0.09444444444444444
0 0.901953125 0.39375 0.01953125 0.07083333333333333
1 0.812890625 0.6201388888888889 0.01640625 0.08472222222222223
1 0.27734375 0.6506944444444445 0.03125 0.08472222222222223
1 0.95625 0.4131944444444444 0.025 0.06527777777777778
1 0.736328125 0.3055555555555556 0.01328125 0.05
1 0.627734375 0.2625 0.01640625 0.05
1 0.393359375 0.35347222222222224 0.01796875 0.05416666666666667
1 0.513671875 0.7305555555555555 0.02421875 0.08055555555555556
0 0.473046875 0.41458333333333336 0.01796875 0.05416666666666667
1 0.512109375 0.7298611111111111 0.01796875 0.0763888888888889
1 0.209375 0.53125 0.0171875 0.07916666666666666
1 0.734375 0.30694444444444446 0.0109375 0.05
1 0.95390625 0.4152777777777778 0.0234375 0.06388888888888888
0 0.9015625 0.39166666666666666 0.0265625 0.06388888888888888
0 0.372265625 0.6847222222222222 0.02265625 0.08888888888888889
1 0.809765625 0.6173611111111111 0.01484375 0.07361111111111111
0 0.934375 0.5736111111111111 0.034375 0.08333333333333333
1 0.39140625 0.3548611111111111 0.0203125 0.05416666666666667
1 0.27421875 0.6472222222222223 0.025 0.08055555555555556
1 0.667578125 0.4076388888888889 0.01484375 0.05416666666666667
1 0.628515625 0.26319444444444445 0.01796875 0.05138888888888889
1 0.46796875 0.41805555555555557 0.0203125 0.05555555555555555
1 0.523828125 0.5375 0.01796875 0.06388888888888888
1 0.207421875 0.5347222222222222 0.01640625 0.08055555555555556
1 0.734375 0.30694444444444446 0.0109375 0.05
1 0.95390625 0.4152777777777778 0.0234375 0.06388888888888888
0 0.9015625 0.39166666666666666 0.0265625 0.06388888888888888
1 0.372265625 0.6847222222222222 0.02265625 0.08888888888888889
1 0.809765625 0.6173611111111111 0.01484375 0.07361111111111111
1 0.934765625 0.5743055555555555 0.03515625 0.08472222222222223
1 0.39140625 0.3548611111111111 0.0203125 0.05416666666666667
1 0.27421875 0.6472222222222223 0.025 0.08055555555555556
1 0.667578125 0.4076388888888889 0.01484375 0.05416666666666667
0 0.628515625 0.26319444444444445 0.01796875 0.05138888888888889
1 0.46796875 0.41805555555555557 0.0203125 0.05555555555555555
1 0.523828125 0.5375 0.01796875 0.06388888888888888
1 0.207421875 0.5347222222222222 0.01640625 0.08055555555555556
1 0.731640625 0.3076388888888889 0.01015625 0.05138888888888889
1 0.807421875 0.6208333333333333 0.01640625 0.08333333333333333
1 0.5046875 0.7291666666666666 0.01875 0.08611111111111111
1 0.95 0.4173611111111111 0.0171875 0.0625
1 0.931640625 0.5736111111111111 0.02734375 0.08055555555555556
1 0.370703125 0.6861111111111111 0.02578125 0.09166666666666666
1 0.26796875 0.6458333333333334 0.01875 0.08055555555555556
1 0.390234375 0.35694444444444445 0.02265625 0.05277777777777778
1 0.203515625 0.5395833333333333 0.01640625 0.07916666666666666
1 0.5203125 0.5388888888888889 0.01875 0.06666666666666667
1 0.665234375 0.41041666666666665 0.01171875 0.04861111111111111
1 0.3875 0.5979166666666667 0.0203125 0.06527777777777778
1 0.8953125 0.3909722222222222 0.01875 0.05694444444444444
0 0.628125 0.2638888888888889 0.0171875 0.05277777777777778
1 0.80546875 0.6194444444444445 0.01875 0.08055555555555556
0 0.928125 0.5743055555555555 0.0203125 0.07916666666666666
1 0.9453125 0.4173611111111111 0.0140625 0.0625
1 0.265625 0.6472222222222223 0.0171875 0.08055555555555556
1 0.2015625 0.5409722222222222 0.0171875 0.07916666666666666
1 0.369921875 0.6833333333333333 0.02578125 0.09166666666666666
1 0.893359375 0.39166666666666666 0.01484375 0.06111111111111111
1 0.457421875 0.41875 0.02265625 0.05694444444444444
1 0.385546875 0.35555555555555557 0.02109375 0.05555555555555555
1 0.5015625 0.7284722222222222 0.01875 0.0875
1 0.38359375 0.35555555555555557 0.0140625 0.05277777777777778
1 0.729296875 0.30694444444444446 0.01328125 0.04722222222222222
1 0.51796875 0.5381944444444444 0.0234375 0.07083333333333333
1 0.386328125 0.6006944444444444 0.02109375 0.06527777777777778
1 0.516796875 0.5333333333333333 0.01640625 0.06388888888888888
1 0.628125 0.26458333333333334 0.015625 0.05138888888888889
0 0.3703125 0.6819444444444445 0.0265625 0.09444444444444444
1 0.803515625 0.625 0.02265625 0.08611111111111111
1 0.2625 0.6472222222222223 0.01875 0.08055555555555556
1 0.381640625 0.3597222222222222 0.01640625 0.05277777777777778
1 0.7265625 0.3090277777777778 0.0171875 0.04861111111111111
1 0.941015625 0.4201388888888889 0.02109375 0.07083333333333333
1 0.498828125 0.725 0.02109375 0.08888888888888889
1 0.45546875 0.4236111111111111 0.0296875 0.058333333333333334
1 0.19765625 0.5402777777777777 0.01875 0.075
1 0.890625 0.39652777777777776 0.015625 0.05694444444444444
1 0.51484375 0.5381944444444444 0.0203125 0.06527777777777778
1 0.51484375 0.5416666666666666 0.0265625 0.06944444444444445
0 0.62734375 0.2652777777777778 0.0140625 0.05277777777777778
1 0.658984375 0.4076388888888889 0.01171875 0.04861111111111111
1 0.36875 0.6784722222222223 0.0203125 0.09027777777777778
1 0.37734375 0.36527777777777776 0.015625 0.05555555555555555
1 0.510546875 0.5451388888888888 0.02578125 0.06805555555555555
1 0.80078125 0.6291666666666667 0.025 0.09166666666666666
1 0.65703125 0.4125 0.0140625 0.058333333333333334
1 0.49296875 0.7243055555555555 0.0234375 0.0875
1 0.191796875 0.5458333333333333 0.02890625 0.08333333333333333
0 0.88828125 0.4 0.0140625 0.058333333333333334
1 0.258984375 0.6493055555555556 0.01953125 0.08194444444444444
0 0.442578125 0.425 0.01484375 0.05277777777777778
1 0.72109375 0.3090277777777778 0.0140625 0.043055555555555555
1 0.9359375 0.41875 0.01875 0.059722222222222225
1 0.385546875 0.6194444444444445 0.02265625 0.07222222222222222
1 0.194921875 0.5402777777777777 0.01796875 0.075
0 0.3671875 0.6805555555555556 0.0203125 0.09444444444444444
1 0.255859375 0.6513888888888889 0.02109375 0.08055555555555556
1 0.50625 0.5465277777777777 0.0171875 0.06805555555555555
1 0.885546875 0.3993055555555556 0.01328125 0.0625
1 0.1890625 0.5472222222222223 0.034375 0.08333333333333333
1 0.65390625 0.41388888888888886 0.015625 0.05
1 0.373828125 0.36666666666666664 0.01484375 0.05277777777777778
0 0.79765625 0.63125 0.0265625 0.0875
1 0.718359375 0.31180555555555556 0.01640625 0.04583333333333333
1 0.4890625 0.7236111111111111 0.025 0.08055555555555556
1 0.437109375 0.43333333333333335 0.01796875 0.06388888888888888
1 0.93125 0.42083333333333334 0.0203125 0.06666666666666667
1 0.3671875 0.6805555555555556 0.0203125 0.09444444444444444
1 0.255859375 0.6520833333333333 0.02109375 0.08194444444444444
1 0.50625 0.5465277777777777 0.0171875 0.06805555555555555
1 0.88515625 0.3993055555555556 0.0140625 0.0625
1 0.1890625 0.5472222222222223 0.034375 0.08333333333333333
1 0.65390625 0.41388888888888886 0.015625 0.05
1 0.373828125 0.36666666666666664 0.01484375 0.05277777777777778
1 0.79765625 0.63125 0.0265625 0.0875
1 0.718359375 0.31180555555555556 0.01640625 0.04583333333333333
1 0.4890625 0.7236111111111111 0.025 0.08055555555555556
1 0.437109375 0.43333333333333335 0.01796875 0.06388888888888888
1 0.93125 0.42083333333333334 0.0203125 0.06666666666666667
0 0.793359375 0.63125 0.02109375 0.08472222222222223
1 0.187109375 0.55 0.03203125 0.08055555555555556
1 0.365234375 0.6805555555555556 0.02109375 0.09444444444444444
1 0.252734375 0.6548611111111111 0.01953125 0.08472222222222223
1 0.503515625 0.5479166666666667 0.01640625 0.07083333333333333
0 0.43046875 0.43333333333333335 0.0171875 0.06111111111111111
1 0.369140625 0.36736111111111114 0.01796875 0.04861111111111111
1 0.92734375 0.42430555555555555 0.028125 0.07083333333333333
0 0.880859375 0.4 0.01484375 0.06388888888888888
1 0.651171875 0.4152777777777778 0.01640625 0.05
1 0.715234375 0.3138888888888889 0.01796875 0.04722222222222222
1 0.483984375 0.7263888888888889 0.02734375 0.08333333333333333
1 0.912109375 0.5777777777777777 0.01953125 0.08333333333333333
0 0.78984375 0.6347222222222222 0.0171875 0.07777777777777778
1 0.501171875 0.5520833333333334 0.01484375 0.06805555555555555
1 0.87890625 0.4048611111111111 0.01875 0.06805555555555555
1 0.36328125 0.6819444444444445 0.01875 0.09166666666666666
1 0.479296875 0.7270833333333333 0.01953125 0.08194444444444444
1 0.646484375 0.41875 0.01328125 0.05694444444444444
1 0.920703125 0.42569444444444443 0.02421875 0.06527777777777778
1 0.24765625 0.6597222222222222 0.01875 0.08333333333333333
1 0.367578125 0.3701388888888889 0.02265625 0.04861111111111111
1 0.7109375 0.31875 0.0140625 0.04583333333333333
1 0.925 0.4270833333333333 0.034375 0.0625
0 0.788671875 0.6402777777777777 0.01953125 0.08333333333333333
1 0.70625 0.3229166666666667 0.0109375 0.04583333333333333
1 0.497265625 0.5569444444444445 0.01640625 0.07777777777777778
1 0.903515625 0.5798611111111112 0.02734375 0.07916666666666666
1 0.475390625 0.7298611111111111 0.01796875 0.08194444444444444
0 0.876171875 0.40694444444444444 0.02265625 0.06666666666666667
1 0.477734375 0.7305555555555555 0.02421875 0.08611111111111111
1 0.24375 0.6631944444444444 0.025 0.08472222222222223
1 0.902734375 0.5770833333333333 0.01953125 0.07361111111111111
1 0.180859375 0.5541666666666667 0.01953125 0.08055555555555556
1 0.91484375 0.4284722222222222 0.015625 0.059722222222222225
0 0.359765625 0.6819444444444445 0.01953125 0.08333333333333333
0 0.4203125 0.4388888888888889 0.025 0.058333333333333334
1 0.64375 0.42430555555555555 0.0125 0.05416666666666667
0 0.621875 0.2777777777777778 0.0109375 0.05277777777777778
0 0.901171875 0.5819444444444445 0.02890625 0.07777777777777778
1 0.703125 0.3263888888888889 0.0109375 0.04722222222222222
1 0.17734375 0.5555555555555556 0.0171875 0.08333333333333333
1 0.4953125 0.5576388888888889 0.015625 0.07361111111111111
1 0.240625 0.6659722222222222 0.025 0.08194444444444444
0 0.358984375 0.6826388888888889 0.01953125 0.07916666666666666
1 0.78359375 0.6423611111111112 0.0171875 0.08472222222222223
1 0.471484375 0.7319444444444444 0.01953125 0.08333333333333333
1 0.6203125 0.28194444444444444 0.0125 0.05
0 0.408984375 0.43819444444444444 0.01796875 0.05416666666666667
1 0.8703125 0.4076388888888889 0.01875 0.05694444444444444
1 0.35703125 0.3784722222222222 0.0171875 0.05138888888888889
1 0.641015625 0.42777777777777776 0.01171875 0.058333333333333334
1 0.491796875 0.5597222222222222 0.01953125 0.08055555555555556
0 0.3578125 0.6875 0.021875 0.07777777777777778
1 0.465234375 0.7340277777777777 0.01640625 0.08472222222222223
1 0.4015625 0.44305555555555554 0.0171875 0.058333333333333334
1 0.907421875 0.4361111111111111 0.01484375 0.06388888888888888
1 0.61953125 0.2833333333333333 0.0140625 0.05
1 0.637890625 0.42986111111111114 0.01484375 0.05694444444444444
1 0.8953125 0.5819444444444445 0.01875 0.07222222222222222
1 0.238671875 0.6680555555555555 0.02578125 0.08888888888888889
1 0.698828125 0.32708333333333334 0.01484375 0.04583333333333333
1 0.491796875 0.5597222222222222 0.01953125 0.08055555555555556
1 0.3578125 0.6875 0.021875 0.07777777777777778
1 0.465234375 0.7340277777777777 0.01640625 0.08472222222222223
1 0.4015625 0.44305555555555554 0.0171875 0.058333333333333334
1 0.907421875 0.4361111111111111 0.01484375 0.06388888888888888
0 0.61953125 0.2833333333333333 0.0140625 0.05
1 0.238671875 0.6680555555555555 0.02578125 0.08888888888888889
1 0.6375 0.42986111111111114 0.015625 0.05694444444444444
1 0.894921875 0.5819444444444445 0.01796875 0.07222222222222222
1 0.698828125 0.32708333333333334 0.01484375 0.04583333333333333
1 0.892578125 0.5854166666666667 0.01640625 0.07361111111111111
1 0.779296875 0.6444444444444445 0.01640625 0.08333333333333333
1 0.69609375 0.3277777777777778 0.015625 0.044444444444444446
1 0.9046875 0.4388888888888889 0.0125 0.06666666666666667
1 0.46328125 0.7368055555555556 0.021875 0.09027777777777778
1 0.487890625 0.5625 0.02109375 0.07777777777777778
0 0.61875 0.28680555555555554 0.015625 0.05138888888888889
1 0.171875 0.5576388888888889 0.015625 0.07361111111111111
0 0.864453125 0.4166666666666667 0.01953125 0.058333333333333334
1 0.48984375 0.5534722222222223 0.015625 0.059722222222222225
1 0.167578125 0.5604166666666667 0.01796875 0.07916666666666666
1 0.9015625 0.4444444444444444 0.015625 0.06944444444444445
1 0.4859375 0.5638888888888889 0.021875 0.08333333333333333
1 0.631640625 0.4326388888888889 0.01640625 0.05694444444444444
1 0.459765625 0.7395833333333334 0.02421875 0.09027777777777778
1 0.889453125 0.5923611111111111 0.01640625 0.07083333333333333
0 0.776953125 0.65 0.01796875 0.08333333333333333
1 0.235546875 0.6673611111111111 0.02265625 0.08194444444444444
1 0.86171875 0.41875 0.0140625 0.05416666666666667
1 0.69296875 0.33055555555555555 0.0171875 0.041666666666666664
0 0.61875 0.2902777777777778 0.015625 0.05
1 0.3421875 0.3888888888888889 0.0125 0.04722222222222222
1 0.6296875 0.4354166666666667 0.01875 0.05138888888888889
0 0.774609375 0.6541666666666667 0.02265625 0.08333333333333333
1 0.895703125 0.4375 0.01328125 0.05277777777777778
1 0.165234375 0.5625 0.01640625 0.08333333333333333
1 0.88671875 0.5951388888888889 0.015625 0.07916666666666666
1 0.859375 0.41944444444444445 0.0125 0.05555555555555555
1 0.35859375 0.6798611111111111 0.040625 0.10138888888888889
1 0.483984375 0.5673611111111111 0.01640625 0.07916666666666666
1 0.690234375 0.3333333333333333 0.01953125 0.041666666666666664
1 0.233984375 0.6680555555555555 0.01953125 0.08333333333333333
1 0.4546875 0.7381944444444445 0.028125 0.08194444444444444
1 0.6296875 0.44027777777777777 0.021875 0.06388888888888888
1 0.61875 0.2923611111111111 0.0171875 0.04861111111111111
1 0.339453125 0.39166666666666666 0.01640625 0.05
1 0.89375 0.44375 0.01875 0.06527777777777778
1 0.23203125 0.6673611111111111 0.01875 0.08472222222222223
1 0.627734375 0.4375 0.02109375 0.05277777777777778
1 0.482421875 0.5708333333333333 0.01484375 0.08055555555555556
1 0.855859375 0.4201388888888889 0.01171875 0.059722222222222225
0 0.88359375 0.5958333333333333 0.015625 0.08055555555555556
1 0.453125 0.7388888888888889 0.0328125 0.08333333333333333
1 0.687109375 0.3375 0.01640625 0.044444444444444446
0 0.771875 0.6555555555555556 0.0234375 0.08888888888888889
1 0.16328125 0.5652777777777778 0.0203125 0.08333333333333333
1 0.33671875 0.3951388888888889 0.021875 0.05416666666666667
1 0.230078125 0.6694444444444444 0.01796875 0.08888888888888889
1 0.89140625 0.4486111111111111 0.0234375 0.06944444444444445
1 0.4796875 0.5722222222222222 0.0140625 0.08055555555555556
1 0.160546875 0.5659722222222222 0.01796875 0.07916666666666666
1 0.682421875 0.3423611111111111 0.01328125 0.04583333333333333
1 0.854296875 0.4263888888888889 0.01328125 0.06666666666666667
1 0.623046875 0.4395833333333333 0.01484375 0.05416666666666667
1 0.88203125 0.5972222222222222 0.01875 0.08055555555555556
1 0.769140625 0.6590277777777778 0.01796875 0.0875
1 0.45 0.7416666666666667 0.0375 0.08055555555555556
1 0.33046875 0.39791666666666664 0.0171875 0.05416666666666667
0 0.6171875 0.29930555555555555 0.015625 0.04861111111111111
1 0.230078125 0.6694444444444444 0.01796875 0.08888888888888889
1 0.89140625 0.4486111111111111 0.0234375 0.06944444444444445
1 0.4796875 0.5722222222222222 0.0140625 0.08055555555555556
1 0.160546875 0.5659722222222222 0.01796875 0.07916666666666666
1 0.682421875 0.3423611111111111 0.01328125 0.04583333333333333
0 0.854296875 0.4263888888888889 0.01328125 0.06666666666666667
1 0.623046875 0.4395833333333333 0.01484375 0.05416666666666667
0 0.88203125 0.5972222222222222 0.01875 0.08055555555555556
1 0.769140625 0.6590277777777778 0.01796875 0.0875
1 0.45 0.7416666666666667 0.0375 0.08055555555555556
1 0.33046875 0.39791666666666664 0.0171875 0.05416666666666667
1 0.6171875 0.29930555555555555 0.015625 0.04861111111111111
0 0.230078125 0.6694444444444444 0.01796875 0.08888888888888889
0 0.89140625 0.4486111111111111 0.0234375 0.06944444444444445
0 0.4796875 0.5722222222222222 0.0140625 0.08055555555555556
0 0.160546875 0.5659722222222222 0.01796875 0.07916666666666666
0 0.682421875 0.3423611111111111 0.01328125 0.04583333333333333
0 0.854296875 0.4263888888888889 0.01328125 0.06666666666666667
0 0.623046875 0.4395833333333333 0.01484375 0.05416666666666667
0 0.88203125 0.5972222222222222 0.01875 0.08055555555555556
0 0.769140625 0.6590277777777778 0.01796875 0.0875
0 0.45 0.7416666666666667 0.0375 0.08055555555555556
0 0.33046875 0.39791666666666664 0.0171875 0.05416666666666667
0 0.6171875 0.29930555555555555 0.015625 0.04861111111111111
1 0.230078125 0.6694444444444444 0.01796875 0.08888888888888889
1 0.89140625 0.4486111111111111 0.0234375 0.06944444444444445
1 0.4796875 0.5722222222222222 0.0140625 0.08055555555555556
1 0.160546875 0.5659722222222222 0.01796875 0.07916666666666666
1 0.682421875 0.3423611111111111 0.01328125 0.04583333333333333
1 0.854296875 0.4263888888888889 0.01328125 0.06666666666666667
1 0.623046875 0.4395833333333333 0.01484375 0.05416666666666667
1 0.88203125 0.5972222222222222 0.01875 0.08055555555555556
1 0.769140625 0.6590277777777778 0.01796875 0.0875
1 0.45 0.7416666666666667 0.0375 0.08055555555555556
1 0.33046875 0.39791666666666664 0.0171875 0.05416666666666667
1 0.6171875 0.29930555555555555 0.015625 0.04861111111111111
1 0.230078125 0.6694444444444444 0.01796875 0.08888888888888889
1 0.89140625 0.4486111111111111 0.0234375 0.06944444444444445
1 0.4796875 0.5722222222222222 0.0140625 0.08055555555555556
1 0.160546875 0.5659722222222222 0.01796875 0.07916666666666666
1 0.682421875 0.3423611111111111 0.01328125 0.04583333333333333
1 0.854296875 0.4263888888888889 0.01328125 0.06666666666666667
1 0.623046875 0.4395833333333333 0.01484375 0.05416666666666667
1 0.88203125 0.5972222222222222 0.01875 0.08055555555555556
1 0.769140625 0.6590277777777778 0.01796875 0.0875
1 0.45 0.7416666666666667 0.0375 0.08055555555555556
1 0.33046875 0.39791666666666664 0.0171875 0.05416666666666667
1 0.6171875 0.29930555555555555 0.015625 0.04861111111111111
