0 0.943359375 0.575 0.01640625 0.08055555555555556
0 0.39765625 0.34791666666666665 0.0171875 0.05138888888888889
0 0.81796875 0.6131944444444445 0.0203125 0.08472222222222223
0 0.74296875 0.3013888888888889 0.015625 0.04722222222222222
0 0.370703125 0.6965277777777777 0.02578125 0.09583333333333334
0 0.9078125 0.38680555555555557 0.0140625 0.059722222222222225
0 0.489453125 0.41458333333333336 0.01796875 0.059722222222222225
0 0.966796875 0.40625 0.01953125 0.05694444444444444
0 0.21484375 0.5270833333333333 0.0203125 0.0763888888888889
0 0.281640625 0.6444444444444445 0.02734375 0.07777777777777778
0 0.3828125 0.5909722222222222 0.0265625 0.0625
0 0.285546875 0.6465277777777778 0.03671875 0.08194444444444444
0 0.21328125 0.525 0.015625 0.06944444444444445
0 0.623046875 0.25833333333333336 0.01171875 0.05
1 0.943359375 0.575 0.01640625 0.08055555555555556
0 0.39765625 0.34791666666666665 0.0171875 0.05138888888888889
0 0.81796875 0.6131944444444445 0.0203125 0.08472222222222223
0 0.370703125 0.6965277777777777 0.02578125 0.09583333333333334
0 0.74296875 0.3013888888888889 0.015625 0.04722222222222222
0 0.9078125 0.38680555555555557 0.0140625 0.059722222222222225
0 0.489453125 0.41458333333333336 0.01796875 0.059722222222222225
0 0.966796875 0.40625 0.01953125 0.05694444444444444
0 0.28125 0.64375 0.0265625 0.0763888888888889
0 0.21484375 0.5270833333333333 0.0203125 0.0763888888888889
0 0.3828125 0.5909722222222222 0.0265625 0.0625
0 0.285546875 0.6465277777777778 0.03671875 0.08194444444444444
0 0.21328125 0.525 0.015625 0.06944444444444445
0 0.623046875 0.25833333333333336 0.01171875 0.05
0 0.3734375 0.69375 0.0234375 0.09861111111111111
0 0.396484375 0.35 0.01484375 0.05277777777777778
0 0.74296875 0.30277777777777776 0.0203125 0.04722222222222222
0 0.9671875 0.41180555555555554 0.0234375 0.0625
0 0.818359375 0.6166666666666667 0.02578125 0.08333333333333333
0 0.214453125 0.5291666666666667 0.01796875 0.07777777777777778
0 0.9078125 0.38819444444444445 0.0140625 0.06527777777777778
0 0.9421875 0.5722222222222222 0.015625 0.07777777777777778
0 0.283984375 0.6472222222222223 0.04140625 0.08055555555555556
0 0.217578125 0.5291666666666667 0.02578125 0.08333333333333333
1 0.488671875 0.41388888888888886 0.02265625 0.06388888888888888
0 0.38515625 0.5930555555555556 0.021875 0.06111111111111111
0 0.6734375 0.40347222222222223 0.015625 0.05416666666666667
0 0.53203125 0.5270833333333333 0.0140625 0.059722222222222225
1 0.48515625 0.41041666666666665 0.015625 0.05416666666666667
1 0.37421875 0.6902777777777778 0.0234375 0.1
0 0.94140625 0.5736111111111111 0.0203125 0.08055555555555556
0 0.96484375 0.4111111111111111 0.028125 0.06388888888888888
0 0.3953125 0.3506944444444444 0.015625 0.05416666666666667
0 0.741796875 0.3020833333333333 0.01953125 0.04583333333333333
0 0.816796875 0.61875 0.02109375 0.08194444444444444
0 0.214453125 0.5305555555555556 0.02109375 0.08333333333333333
0 0.90546875 0.3875 0.0140625 0.06111111111111111
0 0.27578125 0.6444444444444445 0.021875 0.07222222222222222
0 0.626953125 0.2611111111111111 0.01328125 0.04722222222222222
0 0.672265625 0.4027777777777778 0.01328125 0.05277777777777778
1 0.48359375 0.4131944444444444 0.0203125 0.05694444444444444
0 0.37421875 0.6875 0.0203125 0.09444444444444444
1 0.940234375 0.5784722222222223 0.02578125 0.09861111111111111
0 0.904296875 0.3888888888888889 0.01484375 0.06388888888888888
1 0.81484375 0.6180555555555556 0.0171875 0.07777777777777778
0 0.9609375 0.4131944444444444 0.0296875 0.06805555555555555
0 0.394921875 0.35347222222222224 0.01484375 0.05694444444444444
0 0.7390625 0.30277777777777776 0.015625 0.04722222222222222
0 0.211328125 0.5291666666666667 0.01796875 0.07777777777777778
1 0.62734375 0.26180555555555557 0.015625 0.04861111111111111
0 0.93671875 0.5736111111111111 0.0328125 0.08611111111111111
0 0.37421875 0.6861111111111111 0.0203125 0.09444444444444444
1 0.901953125 0.39375 0.01953125 0.07083333333333333
0 0.812890625 0.6201388888888889 0.01640625 0.08472222222222223
0 0.27734375 0.6506944444444445 0.03125 0.08472222222222223
0 0.95625 0.4131944444444444 0.025 0.06527777777777778
0 0.736328125 0.3055555555555556 0.01328125 0.05
0 0.627734375 0.2625 0.01640625 0.05
0 0.393359375 0.35347222222222224 0.01796875 0.05416666666666667
0 0.513671875 0.7305555555555555 0.02421875 0.08055555555555556
1 0.473046875 0.41458333333333336 0.01796875 0.05416666666666667
0 0.512109375 0.7298611111111111 0.01796875 0.0763888888888889
0 0.209375 0.53125 0.0171875 0.07916666666666666
0 0.734375 0.30694444444444446 0.0109375 0.05
0 0.95390625 0.4152777777777778 0.0234375 0.06388888888888888
1 0.9015625 0.39166666666666666 0.0265625 0.06388888888888888
1 0.372265625 0.6847222222222222 0.02265625 0.08888888888888889
0 0.809765625 0.6173611111111111 0.01484375 0.07361111111111111
1 0.934375 0.5736111111111111 0.034375 0.08333333333333333
0 0.39140625 0.3548611111111111 0.0203125 0.05416666666666667
0 0.27421875 0.6472222222222223 0.025 0.08055555555555556
0 0.667578125 0.4076388888888889 0.01484375 0.05416666666666667
0 0.628515625 0.26319444444444445 0.01796875 0.05138888888888889
0 0.46796875 0.41805555555555557 0.0203125 0.05555555555555555
0 0.523828125 0.5375 0.01796875 0.06388888888888888
0 0.207421875 0.5347222222222222 0.01640625 0.08055555555555556
0 0.734375 0.30694444444444446 0.0109375 0.05
0 0.95390625 0.4152777777777778 0.0234375 0.06388888888888888
1 0.9015625 0.39166666666666666 0.0265625 0.06388888888888888
0 0.372265625 0.6847222222222222 0.02265625 0.08888888888888889
0 0.809765625 0.6173611111111111 0.01484375 0.07361111111111111
0 0.934765625 0.5743055555555555 0.03515625 0.08472222222222223
0 0.39140625 0.3548611111111111 0.0203125 0.05416666666666667
0 0.27421875 0.6472222222222223 0.025 0.08055555555555556
0 0.667578125 0.4076388888888889 0.01484375 0.05416666666666667
1 0.628515625 0.26319444444444445 0.01796875 0.05138888888888889
0 0.46796875 0.41805555555555557 0.0203125 0.05555555555555555
0 0.523828125 0.5375 0.01796875 0.06388888888888888
0 0.207421875 0.5347222222222222 0.01640625 0.08055555555555556
0 0.731640625 0.3076388888888889 0.01015625 0.05138888888888889
0 0.807421875 0.6208333333333333 0.01640625 0.08333333333333333
0 0.5046875 0.7291666666666666 0.01875 0.08611111111111111
0 0.95 0.4173611111111111 0.0171875 0.0625
0 0.931640625 0.5736111111111111 0.02734375 0.08055555555555556
0 0.370703125 0.6861111111111111 0.02578125 0.09166666666666666
0 0.26796875 0.6458333333333334 0.01875 0.08055555555555556
0 0.390234375 0.35694444444444445 0.02265625 0.05277777777777778
0 0.203515625 0.5395833333333333 0.01640625 0.07916666666666666
0 0.5203125 0.5388888888888889 0.01875 0.06666666666666667
0 0.665234375 0.41041666666666665 0.01171875 0.04861111111111111
0 0.3875 0.5979166666666667 0.0203125 0.06527777777777778
0 0.8953125 0.3909722222222222 0.01875 0.05694444444444444
1 0.628125 0.2638888888888889 0.0171875 0.05277777777777778
0 0.80546875 0.6194444444444445 0.01875 0.08055555555555556
1 0.928125 0.5743055555555555 0.0203125 0.07916666666666666
0 0.9453125 0.4173611111111111 0.0140625 0.0625
0 0.265625 0.6472222222222223 0.0171875 0.08055555555555556
0 0.2015625 0.5409722222222222 0.0171875 0.07916666666666666
0 0.369921875 0.6833333333333333 0.02578125 0.09166666666666666
0 0.893359375 0.39166666666666666 0.01484375 0.06111111111111111
0 0.457421875 0.41875 0.02265625 0.05694444444444444
0 0.385546875 0.35555555555555557 0.02109375 0.05555555555555555
0 0.5015625 0.7284722222222222 0.01875 0.0875
0 0.38359375 0.35555555555555557 0.0140625 0.05277777777777778
0 0.729296875 0.30694444444444446 0.01328125 0.04722222222222222
0 0.51796875 0.5381944444444444 0.0234375 0.07083333333333333
0 0.386328125 0.6006944444444444 0.02109375 0.06527777777777778
0 0.516796875 0.5333333333333333 0.01640625 0.06388888888888888
0 0.628125 0.26458333333333334 0.015625 0.05138888888888889
1 0.3703125 0.6819444444444445 0.0265625 0.09444444444444444
0 0.803515625 0.625 0.02265625 0.08611111111111111
0 0.2625 0.6472222222222223 0.01875 0.08055555555555556
0 0.381640625 0.3597222222222222 0.01640625 0.05277777777777778
0 0.7265625 0.3090277777777778 0.0171875 0.04861111111111111
0 0.941015625 0.4201388888888889 0.02109375 0.07083333333333333
0 0.498828125 0.725 0.02109375 0.08888888888888889
0 0.45546875 0.4236111111111111 0.0296875 0.058333333333333334
0 0.19765625 0.5402777777777777 0.01875 0.075
0 0.890625 0.39652777777777776 0.015625 0.05694444444444444
0 0.51484375 0.5381944444444444 0.0203125 0.06527777777777778
0 0.51484375 0.5416666666666666 0.0265625 0.06944444444444445
1 0.62734375 0.2652777777777778 0.0140625 0.05277777777777778
0 0.658984375 0.4076388888888889 0.01171875 0.04861111111111111
0 0.36875 0.6784722222222223 0.0203125 0.09027777777777778
0 0.37734375 0.36527777777777776 0.015625 0.05555555555555555
0 0.510546875 0.5451388888888888 0.02578125 0.06805555555555555
0 0.80078125 0.6291666666666667 0.025 0.09166666666666666
0 0.65703125 0.4125 0.0140625 0.058333333333333334
0 0.49296875 0.7243055555555555 0.0234375 0.0875
0 0.191796875 0.5458333333333333 0.02890625 0.08333333333333333
1 0.88828125 0.4 0.0140625 0.058333333333333334
0 0.258984375 0.6493055555555556 0.01953125 0.08194444444444444
1 0.442578125 0.425 0.01484375 0.05277777777777778
0 0.72109375 0.3090277777777778 0.0140625 0.043055555555555555
0 0.9359375 0.41875 0.01875 0.059722222222222225
0 0.385546875 0.6194444444444445 0.02265625 0.07222222222222222
0 0.194921875 0.5402777777777777 0.01796875 0.075
1 0.36875 0.6784722222222223 0.0203125 0.09027777777777778
1 0.37734375 0.36527777777777776 0.015625 0.05555555555555555
1 0.510546875 0.5451388888888888 0.02578125 0.06805555555555555
1 0.80078125 0.6291666666666667 0.025 0.09166666666666666
1 0.65703125 0.4125 0.0140625 0.058333333333333334
0 0.49296875 0.7243055555555555 0.0234375 0.0875
1 0.191796875 0.5458333333333333 0.02890625 0.08333333333333333
1 0.88828125 0.4 0.0140625 0.058333333333333334
1 0.258984375 0.6493055555555556 0.01953125 0.08194444444444444
0 0.442578125 0.425 0.01484375 0.05277777777777778
1 0.72109375 0.3090277777777778 0.0140625 0.043055555555555555
1 0.9359375 0.41875 0.01875 0.059722222222222225
1 0.385546875 0.6194444444444445 0.02265625 0.07222222222222222
1 0.194921875 0.5402777777777777 0.01796875 0.075
0 0.36875 0.6784722222222223 0.0203125 0.09027777777777778
0 0.37734375 0.36527777777777776 0.015625 0.05555555555555555
0 0.510546875 0.5451388888888888 0.02578125 0.06805555555555555
0 0.80078125 0.6291666666666667 0.025 0.09166666666666666
0 0.65703125 0.4125 0.0140625 0.058333333333333334
0 0.49296875 0.7243055555555555 0.0234375 0.0875
0 0.191796875 0.5458333333333333 0.02890625 0.08333333333333333
0 0.88828125 0.4 0.0140625 0.058333333333333334
0 0.258984375 0.6493055555555556 0.01953125 0.08194444444444444
0 0.442578125 0.425 0.01484375 0.05277777777777778
0 0.72109375 0.3090277777777778 0.0140625 0.043055555555555555
0 0.9359375 0.41875 0.01875 0.059722222222222225
0 0.385546875 0.6194444444444445 0.02265625 0.07222222222222222
0 0.194921875 0.5402777777777777 0.01796875 0.075
1 0.36875 0.6784722222222223 0.0203125 0.09027777777777778
1 0.37734375 0.36527777777777776 0.015625 0.05555555555555555
1 0.510546875 0.5451388888888888 0.02578125 0.06805555555555555
1 0.80078125 0.6291666666666667 0.025 0.09166666666666666
1 0.65703125 0.4125 0.0140625 0.058333333333333334
1 0.49296875 0.7243055555555555 0.0234375 0.0875
1 0.191796875 0.5458333333333333 0.02890625 0.08333333333333333
1 0.88828125 0.4 0.0140625 0.058333333333333334
1 0.258984375 0.6493055555555556 0.01953125 0.08194444444444444
1 0.442578125 0.425 0.01484375 0.05277777777777778
1 0.72109375 0.3090277777777778 0.0140625 0.043055555555555555
1 0.9359375 0.41875 0.01875 0.059722222222222225
1 0.385546875 0.6194444444444445 0.02265625 0.07222222222222222
1 0.194921875 0.5402777777777777 0.01796875 0.075
1 0.36875 0.6784722222222223 0.0203125 0.09027777777777778
1 0.37734375 0.36527777777777776 0.015625 0.05555555555555555
1 0.510546875 0.5451388888888888 0.02578125 0.06805555555555555
1 0.80078125 0.6291666666666667 0.025 0.09166666666666666
1 0.65703125 0.4125 0.0140625 0.058333333333333334
1 0.49296875 0.7243055555555555 0.0234375 0.0875
1 0.191796875 0.5458333333333333 0.02890625 0.08333333333333333
1 0.88828125 0.4 0.0140625 0.058333333333333334
1 0.258984375 0.6493055555555556 0.01953125 0.08194444444444444
1 0.442578125 0.425 0.01484375 0.05277777777777778
1 0.72109375 0.3090277777777778 0.0140625 0.043055555555555555
1 0.9359375 0.41875 0.01875 0.059722222222222225
1 0.385546875 0.6194444444444445 0.02265625 0.07222222222222222
1 0.194921875 0.5402777777777777 0.01796875 0.075
