0 0.943359375 0.575 0.01640625 0.08055555555555556
0 0.39765625 0.34791666666666665 0.0171875 0.05138888888888889
0 0.81796875 0.6131944444444445 0.0203125 0.08472222222222223
0 0.74296875 0.3013888888888889 0.015625 0.04722222222222222
0 0.370703125 0.6965277777777777 0.02578125 0.09583333333333334
0 0.9078125 0.38680555555555557 0.0140625 0.059722222222222225
0 0.489453125 0.41458333333333336 0.01796875 0.059722222222222225
0 0.966796875 0.40625 0.01953125 0.05694444444444444
0 0.21484375 0.5270833333333333 0.0203125 0.0763888888888889
0 0.281640625 0.6444444444444445 0.02734375 0.07777777777777778
0 0.3828125 0.5909722222222222 0.0265625 0.0625
0 0.285546875 0.6465277777777778 0.03671875 0.08194444444444444
0 0.21328125 0.525 0.015625 0.06944444444444445
0 0.623046875 0.25833333333333336 0.01171875 0.05
1 0.943359375 0.575 0.01640625 0.08055555555555556
0 0.39765625 0.34791666666666665 0.0171875 0.05138888888888889
0 0.81796875 0.6131944444444445 0.0203125 0.08472222222222223
0 0.370703125 0.6965277777777777 0.02578125 0.09583333333333334
0 0.74296875 0.3013888888888889 0.015625 0.04722222222222222
0 0.9078125 0.38680555555555557 0.0140625 0.059722222222222225
0 0.489453125 0.41458333333333336 0.01796875 0.059722222222222225
0 0.966796875 0.40625 0.01953125 0.05694444444444444
0 0.28125 0.64375 0.0265625 0.0763888888888889
0 0.21484375 0.5270833333333333 0.0203125 0.0763888888888889
0 0.3828125 0.5909722222222222 0.0265625 0.0625
0 0.285546875 0.6465277777777778 0.03671875 0.08194444444444444
0 0.21328125 0.525 0.015625 0.06944444444444445
0 0.623046875 0.25833333333333336 0.01171875 0.05
0 0.3734375 0.69375 0.0234375 0.09861111111111111
0 0.396484375 0.35 0.01484375 0.05277777777777778
0 0.74296875 0.30277777777777776 0.0203125 0.04722222222222222
0 0.9671875 0.41180555555555554 0.0234375 0.0625
0 0.818359375 0.6166666666666667 0.02578125 0.08333333333333333
0 0.214453125 0.5291666666666667 0.01796875 0.07777777777777778
0 0.9078125 0.38819444444444445 0.0140625 0.06527777777777778
0 0.9421875 0.5722222222222222 0.015625 0.07777777777777778
0 0.283984375 0.6472222222222223 0.04140625 0.08055555555555556
0 0.217578125 0.5291666666666667 0.02578125 0.08333333333333333
1 0.488671875 0.41388888888888886 0.02265625 0.06388888888888888
0 0.38515625 0.5930555555555556 0.021875 0.06111111111111111
0 0.6734375 0.40347222222222223 0.015625 0.05416666666666667
0 0.53203125 0.5270833333333333 0.0140625 0.059722222222222225
1 0.48515625 0.41041666666666665 0.015625 0.05416666666666667
1 0.37421875 0.6902777777777778 0.0234375 0.1
0 0.94140625 0.5736111111111111 0.0203125 0.08055555555555556
0 0.96484375 0.4111111111111111 0.028125 0.06388888888888888
0 0.3953125 0.3506944444444444 0.015625 0.05416666666666667
0 0.741796875 0.3020833333333333 0.01953125 0.04583333333333333
0 0.816796875 0.61875 0.02109375 0.08194444444444444
0 0.214453125 0.5305555555555556 0.02109375 0.08333333333333333
0 0.90546875 0.3875 0.0140625 0.06111111111111111
0 0.27578125 0.6444444444444445 0.021875 0.07222222222222222
0 0.626953125 0.2611111111111111 0.01328125 0.04722222222222222
0 0.672265625 0.4027777777777778 0.01328125 0.05277777777777778
1 0.48359375 0.4131944444444444 0.0203125 0.05694444444444444
0 0.37421875 0.6875 0.0203125 0.09444444444444444
1 0.940234375 0.5784722222222223 0.02578125 0.09861111111111111
0 0.904296875 0.3888888888888889 0.01484375 0.06388888888888888
1 0.81484375 0.6180555555555556 0.0171875 0.07777777777777778
0 0.9609375 0.4131944444444444 0.0296875 0.06805555555555555
0 0.394921875 0.35347222222222224 0.01484375 0.05694444444444444
0 0.7390625 0.30277777777777776 0.015625 0.04722222222222222
0 0.211328125 0.5291666666666667 0.01796875 0.07777777777777778
1 0.62734375 0.26180555555555557 0.015625 0.04861111111111111
0 0.93671875 0.5736111111111111 0.0328125 0.08611111111111111
0 0.37421875 0.6861111111111111 0.0203125 0.09444444444444444
1 0.901953125 0.39375 0.01953125 0.07083333333333333
0 0.812890625 0.6201388888888889 0.01640625 0.08472222222222223
0 0.27734375 0.6506944444444445 0.03125 0.08472222222222223
0 0.95625 0.4131944444444444 0.025 0.06527777777777778
0 0.736328125 0.3055555555555556 0.01328125 0.05
0 0.627734375 0.2625 0.01640625 0.05
0 0.393359375 0.35347222222222224 0.01796875 0.05416666666666667
0 0.513671875 0.7305555555555555 0.02421875 0.08055555555555556
1 0.473046875 0.41458333333333336 0.01796875 0.05416666666666667
0 0.512109375 0.7298611111111111 0.01796875 0.0763888888888889
0 0.209375 0.53125 0.0171875 0.07916666666666666
0 0.734375 0.30694444444444446 0.0109375 0.05
0 0.95390625 0.4152777777777778 0.0234375 0.06388888888888888
1 0.9015625 0.39166666666666666 0.0265625 0.06388888888888888
1 0.372265625 0.6847222222222222 0.02265625 0.08888888888888889
0 0.809765625 0.6173611111111111 0.01484375 0.07361111111111111
1 0.934375 0.5736111111111111 0.034375 0.08333333333333333
0 0.39140625 0.3548611111111111 0.0203125 0.05416666666666667
0 0.27421875 0.6472222222222223 0.025 0.08055555555555556
0 0.667578125 0.4076388888888889 0.01484375 0.05416666666666667
0 0.628515625 0.26319444444444445 0.01796875 0.05138888888888889
0 0.46796875 0.41805555555555557 0.0203125 0.05555555555555555
0 0.523828125 0.5375 0.01796875 0.06388888888888888
0 0.207421875 0.5347222222222222 0.01640625 0.08055555555555556
0 0.734375 0.30694444444444446 0.0109375 0.05
0 0.95390625 0.4152777777777778 0.0234375 0.06388888888888888
1 0.9015625 0.39166666666666666 0.0265625 0.06388888888888888
0 0.372265625 0.6847222222222222 0.02265625 0.08888888888888889
0 0.809765625 0.6173611111111111 0.01484375 0.07361111111111111
0 0.934765625 0.5743055555555555 0.03515625 0.08472222222222223
0 0.39140625 0.3548611111111111 0.0203125 0.05416666666666667
0 0.27421875 0.6472222222222223 0.025 0.08055555555555556
0 0.667578125 0.4076388888888889 0.01484375 0.05416666666666667
1 0.628515625 0.26319444444444445 0.01796875 0.05138888888888889
0 0.46796875 0.41805555555555557 0.0203125 0.05555555555555555
0 0.523828125 0.5375 0.01796875 0.06388888888888888
0 0.207421875 0.5347222222222222 0.01640625 0.08055555555555556
0 0.731640625 0.3076388888888889 0.01015625 0.05138888888888889
0 0.807421875 0.6208333333333333 0.01640625 0.08333333333333333
0 0.5046875 0.7291666666666666 0.01875 0.08611111111111111
0 0.95 0.4173611111111111 0.0171875 0.0625
0 0.931640625 0.5736111111111111 0.02734375 0.08055555555555556
0 0.370703125 0.6861111111111111 0.02578125 0.09166666666666666
0 0.26796875 0.6458333333333334 0.01875 0.08055555555555556
0 0.390234375 0.35694444444444445 0.02265625 0.05277777777777778
0 0.203515625 0.5395833333333333 0.01640625 0.07916666666666666
0 0.5203125 0.5388888888888889 0.01875 0.06666666666666667
0 0.665234375 0.41041666666666665 0.01171875 0.04861111111111111
0 0.3875 0.5979166666666667 0.0203125 0.06527777777777778
0 0.8953125 0.3909722222222222 0.01875 0.05694444444444444
1 0.628125 0.2638888888888889 0.0171875 0.05277777777777778
0 0.80546875 0.6194444444444445 0.01875 0.08055555555555556
1 0.928125 0.5743055555555555 0.0203125 0.07916666666666666
0 0.9453125 0.4173611111111111 0.0140625 0.0625
0 0.265625 0.6472222222222223 0.0171875 0.08055555555555556
0 0.2015625 0.5409722222222222 0.0171875 0.07916666666666666
0 0.369921875 0.6833333333333333 0.02578125 0.09166666666666666
0 0.893359375 0.39166666666666666 0.01484375 0.06111111111111111
0 0.457421875 0.41875 0.02265625 0.05694444444444444
0 0.385546875 0.35555555555555557 0.02109375 0.05555555555555555
0 0.5015625 0.7284722222222222 0.01875 0.0875
0 0.38359375 0.35555555555555557 0.0140625 0.05277777777777778
0 0.729296875 0.30694444444444446 0.01328125 0.04722222222222222
0 0.51796875 0.5381944444444444 0.0234375 0.07083333333333333
0 0.386328125 0.6006944444444444 0.02109375 0.06527777777777778
0 0.516796875 0.5333333333333333 0.01640625 0.06388888888888888
0 0.628125 0.26458333333333334 0.015625 0.05138888888888889
1 0.3703125 0.6819444444444445 0.0265625 0.09444444444444444
0 0.803515625 0.625 0.02265625 0.08611111111111111
0 0.2625 0.6472222222222223 0.01875 0.08055555555555556
0 0.381640625 0.3597222222222222 0.01640625 0.05277777777777778
0 0.7265625 0.3090277777777778 0.0171875 0.04861111111111111
0 0.941015625 0.4201388888888889 0.02109375 0.07083333333333333
0 0.498828125 0.725 0.02109375 0.08888888888888889
0 0.45546875 0.4236111111111111 0.0296875 0.058333333333333334
0 0.19765625 0.5402777777777777 0.01875 0.075
0 0.890625 0.39652777777777776 0.015625 0.05694444444444444
0 0.51484375 0.5381944444444444 0.0203125 0.06527777777777778
0 0.51484375 0.5416666666666666 0.0265625 0.06944444444444445
1 0.62734375 0.2652777777777778 0.0140625 0.05277777777777778
0 0.658984375 0.4076388888888889 0.01171875 0.04861111111111111
0 0.36875 0.6784722222222223 0.0203125 0.09027777777777778
0 0.37734375 0.36527777777777776 0.015625 0.05555555555555555
0 0.510546875 0.5451388888888888 0.02578125 0.06805555555555555
0 0.80078125 0.6291666666666667 0.025 0.09166666666666666
0 0.65703125 0.4125 0.0140625 0.058333333333333334
0 0.49296875 0.7243055555555555 0.0234375 0.0875
0 0.191796875 0.5458333333333333 0.02890625 0.08333333333333333
1 0.88828125 0.4 0.0140625 0.058333333333333334
0 0.258984375 0.6493055555555556 0.01953125 0.08194444444444444
1 0.442578125 0.425 0.01484375 0.05277777777777778
0 0.72109375 0.3090277777777778 0.0140625 0.043055555555555555
0 0.9359375 0.41875 0.01875 0.059722222222222225
0 0.385546875 0.6194444444444445 0.02265625 0.07222222222222222
0 0.194921875 0.5402777777777777 0.01796875 0.075
1 0.3671875 0.6805555555555556 0.0203125 0.09444444444444444
0 0.255859375 0.6513888888888889 0.02109375 0.08055555555555556
0 0.50625 0.5465277777777777 0.0171875 0.06805555555555555
0 0.885546875 0.3993055555555556 0.01328125 0.0625
0 0.1890625 0.5472222222222223 0.034375 0.08333333333333333
0 0.65390625 0.41388888888888886 0.015625 0.05
0 0.373828125 0.36666666666666664 0.01484375 0.05277777777777778
1 0.79765625 0.63125 0.0265625 0.0875
0 0.718359375 0.31180555555555556 0.01640625 0.04583333333333333
0 0.4890625 0.7236111111111111 0.025 0.08055555555555556
0 0.437109375 0.43333333333333335 0.01796875 0.06388888888888888
0 0.93125 0.42083333333333334 0.0203125 0.06666666666666667
0 0.3671875 0.6805555555555556 0.0203125 0.09444444444444444
0 0.255859375 0.6520833333333333 0.02109375 0.08194444444444444
0 0.50625 0.5465277777777777 0.0171875 0.06805555555555555
0 0.88515625 0.3993055555555556 0.0140625 0.0625
0 0.1890625 0.5472222222222223 0.034375 0.08333333333333333
0 0.65390625 0.41388888888888886 0.015625 0.05
0 0.373828125 0.36666666666666664 0.01484375 0.05277777777777778
0 0.79765625 0.63125 0.0265625 0.0875
0 0.718359375 0.31180555555555556 0.01640625 0.04583333333333333
0 0.4890625 0.7236111111111111 0.025 0.08055555555555556
0 0.437109375 0.43333333333333335 0.01796875 0.06388888888888888
0 0.93125 0.42083333333333334 0.0203125 0.06666666666666667
1 0.793359375 0.63125 0.02109375 0.08472222222222223
0 0.187109375 0.55 0.03203125 0.08055555555555556
0 0.365234375 0.6805555555555556 0.02109375 0.09444444444444444
0 0.252734375 0.6548611111111111 0.01953125 0.08472222222222223
0 0.503515625 0.5479166666666667 0.01640625 0.07083333333333333
1 0.43046875 0.43333333333333335 0.0171875 0.06111111111111111
0 0.369140625 0.36736111111111114 0.01796875 0.04861111111111111
0 0.92734375 0.42430555555555555 0.028125 0.07083333333333333
1 0.880859375 0.4 0.01484375 0.06388888888888888
0 0.651171875 0.4152777777777778 0.01640625 0.05
0 0.715234375 0.3138888888888889 0.01796875 0.04722222222222222
0 0.483984375 0.7263888888888889 0.02734375 0.08333333333333333
0 0.912109375 0.5777777777777777 0.01953125 0.08333333333333333
1 0.78984375 0.6347222222222222 0.0171875 0.07777777777777778
0 0.501171875 0.5520833333333334 0.01484375 0.06805555555555555
0 0.87890625 0.4048611111111111 0.01875 0.06805555555555555
0 0.36328125 0.6819444444444445 0.01875 0.09166666666666666
0 0.479296875 0.7270833333333333 0.01953125 0.08194444444444444
0 0.646484375 0.41875 0.01328125 0.05694444444444444
0 0.920703125 0.42569444444444443 0.02421875 0.06527777777777778
0 0.24765625 0.6597222222222222 0.01875 0.08333333333333333
0 0.367578125 0.3701388888888889 0.02265625 0.04861111111111111
0 0.7109375 0.31875 0.0140625 0.04583333333333333
0 0.925 0.4270833333333333 0.034375 0.0625
1 0.788671875 0.6402777777777777 0.01953125 0.08333333333333333
0 0.70625 0.3229166666666667 0.0109375 0.04583333333333333
0 0.497265625 0.5569444444444445 0.01640625 0.07777777777777778
0 0.903515625 0.5798611111111112 0.02734375 0.07916666666666666
0 0.475390625 0.7298611111111111 0.01796875 0.08194444444444444
1 0.876171875 0.40694444444444444 0.02265625 0.06666666666666667
0 0.477734375 0.7305555555555555 0.02421875 0.08611111111111111
0 0.24375 0.6631944444444444 0.025 0.08472222222222223
0 0.902734375 0.5770833333333333 0.01953125 0.07361111111111111
0 0.180859375 0.5541666666666667 0.01953125 0.08055555555555556
0 0.91484375 0.4284722222222222 0.015625 0.059722222222222225
1 0.359765625 0.6819444444444445 0.01953125 0.08333333333333333
1 0.4203125 0.4388888888888889 0.025 0.058333333333333334
0 0.64375 0.42430555555555555 0.0125 0.05416666666666667
1 0.621875 0.2777777777777778 0.0109375 0.05277777777777778
1 0.901171875 0.5819444444444445 0.02890625 0.07777777777777778
0 0.703125 0.3263888888888889 0.0109375 0.04722222222222222
0 0.17734375 0.5555555555555556 0.0171875 0.08333333333333333
0 0.4953125 0.5576388888888889 0.015625 0.07361111111111111
0 0.240625 0.6659722222222222 0.025 0.08194444444444444
1 0.358984375 0.6826388888888889 0.01953125 0.07916666666666666
0 0.78359375 0.6423611111111112 0.0171875 0.08472222222222223
0 0.471484375 0.7319444444444444 0.01953125 0.08333333333333333
0 0.6203125 0.28194444444444444 0.0125 0.05
1 0.408984375 0.43819444444444444 0.01796875 0.05416666666666667
0 0.8703125 0.4076388888888889 0.01875 0.05694444444444444
0 0.35703125 0.3784722222222222 0.0171875 0.05138888888888889
0 0.641015625 0.42777777777777776 0.01171875 0.058333333333333334
0 0.491796875 0.5597222222222222 0.01953125 0.08055555555555556
1 0.3578125 0.6875 0.021875 0.07777777777777778
0 0.465234375 0.7340277777777777 0.01640625 0.08472222222222223
0 0.4015625 0.44305555555555554 0.0171875 0.058333333333333334
0 0.907421875 0.4361111111111111 0.01484375 0.06388888888888888
0 0.61953125 0.2833333333333333 0.0140625 0.05
0 0.637890625 0.42986111111111114 0.01484375 0.05694444444444444
0 0.8953125 0.5819444444444445 0.01875 0.07222222222222222
0 0.238671875 0.6680555555555555 0.02578125 0.08888888888888889
0 0.698828125 0.32708333333333334 0.01484375 0.04583333333333333
0 0.491796875 0.5597222222222222 0.01953125 0.08055555555555556
0 0.3578125 0.6875 0.021875 0.07777777777777778
0 0.465234375 0.7340277777777777 0.01640625 0.08472222222222223
0 0.4015625 0.44305555555555554 0.0171875 0.058333333333333334
0 0.907421875 0.4361111111111111 0.01484375 0.06388888888888888
1 0.61953125 0.2833333333333333 0.0140625 0.05
0 0.238671875 0.6680555555555555 0.02578125 0.08888888888888889
0 0.6375 0.42986111111111114 0.015625 0.05694444444444444
0 0.894921875 0.5819444444444445 0.01796875 0.07222222222222222
0 0.698828125 0.32708333333333334 0.01484375 0.04583333333333333
0 0.892578125 0.5854166666666667 0.01640625 0.07361111111111111
0 0.779296875 0.6444444444444445 0.01640625 0.08333333333333333
0 0.69609375 0.3277777777777778 0.015625 0.044444444444444446
0 0.9046875 0.4388888888888889 0.0125 0.06666666666666667
0 0.46328125 0.7368055555555556 0.021875 0.09027777777777778
0 0.487890625 0.5625 0.02109375 0.07777777777777778
1 0.61875 0.28680555555555554 0.015625 0.05138888888888889
0 0.171875 0.5576388888888889 0.015625 0.07361111111111111
1 0.864453125 0.4166666666666667 0.01953125 0.058333333333333334
0 0.48984375 0.5534722222222223 0.015625 0.059722222222222225
0 0.167578125 0.5604166666666667 0.01796875 0.07916666666666666
0 0.9015625 0.4444444444444444 0.015625 0.06944444444444445
0 0.4859375 0.5638888888888889 0.021875 0.08333333333333333
0 0.631640625 0.4326388888888889 0.01640625 0.05694444444444444
0 0.459765625 0.7395833333333334 0.02421875 0.09027777777777778
0 0.889453125 0.5923611111111111 0.01640625 0.07083333333333333
1 0.776953125 0.65 0.01796875 0.08333333333333333
0 0.235546875 0.6673611111111111 0.02265625 0.08194444444444444
0 0.86171875 0.41875 0.0140625 0.05416666666666667
0 0.69296875 0.33055555555555555 0.0171875 0.041666666666666664
1 0.61875 0.2902777777777778 0.015625 0.05
0 0.3421875 0.3888888888888889 0.0125 0.04722222222222222
0 0.6296875 0.4354166666666667 0.01875 0.05138888888888889
1 0.774609375 0.6541666666666667 0.02265625 0.08333333333333333
0 0.895703125 0.4375 0.01328125 0.05277777777777778
0 0.165234375 0.5625 0.01640625 0.08333333333333333
0 0.88671875 0.5951388888888889 0.015625 0.07916666666666666
0 0.859375 0.41944444444444445 0.0125 0.05555555555555555
0 0.35859375 0.6798611111111111 0.040625 0.10138888888888889
0 0.483984375 0.5673611111111111 0.01640625 0.07916666666666666
0 0.690234375 0.3333333333333333 0.01953125 0.041666666666666664
0 0.233984375 0.6680555555555555 0.01953125 0.08333333333333333
0 0.4546875 0.7381944444444445 0.028125 0.08194444444444444
0 0.6296875 0.44027777777777777 0.021875 0.06388888888888888
0 0.61875 0.2923611111111111 0.0171875 0.04861111111111111
0 0.339453125 0.39166666666666666 0.01640625 0.05
0 0.89375 0.44375 0.01875 0.06527777777777778
0 0.23203125 0.6673611111111111 0.01875 0.08472222222222223
0 0.627734375 0.4375 0.02109375 0.05277777777777778
0 0.482421875 0.5708333333333333 0.01484375 0.08055555555555556
0 0.855859375 0.4201388888888889 0.01171875 0.059722222222222225
1 0.88359375 0.5958333333333333 0.015625 0.08055555555555556
0 0.453125 0.7388888888888889 0.0328125 0.08333333333333333
0 0.687109375 0.3375 0.01640625 0.044444444444444446
1 0.771875 0.6555555555555556 0.0234375 0.08888888888888889
0 0.16328125 0.5652777777777778 0.0203125 0.08333333333333333
0 0.33671875 0.3951388888888889 0.021875 0.05416666666666667
0 0.230078125 0.6694444444444444 0.01796875 0.08888888888888889
0 0.89140625 0.4486111111111111 0.0234375 0.06944444444444445
0 0.4796875 0.5722222222222222 0.0140625 0.08055555555555556
0 0.160546875 0.5659722222222222 0.01796875 0.07916666666666666
0 0.682421875 0.3423611111111111 0.01328125 0.04583333333333333
0 0.854296875 0.4263888888888889 0.01328125 0.06666666666666667
0 0.623046875 0.4395833333333333 0.01484375 0.05416666666666667
0 0.88203125 0.5972222222222222 0.01875 0.08055555555555556
0 0.769140625 0.6590277777777778 0.01796875 0.0875
0 0.45 0.7416666666666667 0.0375 0.08055555555555556
0 0.33046875 0.39791666666666664 0.0171875 0.05416666666666667
1 0.6171875 0.29930555555555555 0.015625 0.04861111111111111
0 0.230078125 0.6694444444444444 0.01796875 0.08888888888888889
0 0.4796875 0.5722222222222222 0.0140625 0.08055555555555556
0 0.89140625 0.4486111111111111 0.0234375 0.06944444444444445
0 0.1609375 0.5659722222222222 0.0203125 0.07916666666666666
1 0.854296875 0.4263888888888889 0.01328125 0.06666666666666667
0 0.623046875 0.4395833333333333 0.01484375 0.05416666666666667
0 0.682421875 0.34305555555555556 0.01328125 0.044444444444444446
0 0.88203125 0.5972222222222222 0.01875 0.08055555555555556
0 0.45 0.7409722222222223 0.0375 0.08194444444444444
0 0.769140625 0.6590277777777778 0.01796875 0.0875
0 0.33046875 0.39791666666666664 0.0171875 0.05416666666666667
0 0.6171875 0.29930555555555555 0.015625 0.04861111111111111
0 0.88828125 0.45069444444444445 0.0296875 0.07083333333333333
0 0.22890625 0.6694444444444444 0.01875 0.08888888888888889
1 0.85234375 0.4284722222222222 0.01875 0.06805555555555555
0 0.87890625 0.5972222222222222 0.0234375 0.08055555555555556
1 0.7671875 0.6618055555555555 0.0171875 0.07916666666666666
0 0.47734375 0.575 0.0140625 0.08055555555555556
0 0.680078125 0.34375 0.01171875 0.04583333333333333
0 0.15859375 0.5666666666666667 0.021875 0.08333333333333333
0 0.44453125 0.7402777777777778 0.025 0.07777777777777778
0 0.621484375 0.44375 0.01328125 0.059722222222222225
0 0.324609375 0.4013888888888889 0.01484375 0.05555555555555555
1 0.61640625 0.3013888888888889 0.0140625 0.04722222222222222
0 0.228125 0.6680555555555555 0.01875 0.08888888888888889
0 0.851171875 0.42986111111111114 0.02421875 0.06527777777777778
1 0.765234375 0.6638888888888889 0.01640625 0.08055555555555556
0 0.156640625 0.5638888888888889 0.01796875 0.08055555555555556
0 0.8765625 0.6 0.0265625 0.08611111111111111
0 0.677734375 0.3458333333333333 0.01171875 0.044444444444444446
0 0.884375 0.4527777777777778 0.0328125 0.06944444444444445
0 0.476171875 0.5770833333333333 0.01484375 0.0763888888888889
0 0.443359375 0.7423611111111111 0.02421875 0.0763888888888889
0 0.619921875 0.4479166666666667 0.01328125 0.059722222222222225
0 0.321875 0.4027777777777778 0.0125 0.05
0 0.157421875 0.5659722222222222 0.02578125 0.08472222222222223
1 0.35625 0.46597222222222223 0.015625 0.0625
0 0.337890625 0.6854166666666667 0.02109375 0.06805555555555555
0 0.226953125 0.6701388888888888 0.01796875 0.0875
0 0.15546875 0.5673611111111111 0.021875 0.08194444444444444
0 0.7625 0.6645833333333333 0.015625 0.08194444444444444
0 0.473828125 0.5791666666666667 0.01953125 0.07777777777777778
0 0.8484375 0.43194444444444446 0.0234375 0.06111111111111111
0 0.31875 0.40694444444444444 0.0140625 0.05555555555555555
0 0.874609375 0.6020833333333333 0.03046875 0.08194444444444444
0 0.617578125 0.45069444444444445 0.01328125 0.0625
0 0.43984375 0.7451388888888889 0.021875 0.08194444444444444
0 0.879296875 0.45208333333333334 0.02109375 0.0625
0 0.676171875 0.3458333333333333 0.01328125 0.044444444444444446
0 0.356640625 0.6763888888888889 0.02109375 0.06111111111111111
0 0.879296875 0.45555555555555555 0.02890625 0.06944444444444445
0 0.439453125 0.7375 0.01796875 0.06666666666666667
0 0.226953125 0.6722222222222223 0.01796875 0.09166666666666666
0 0.15390625 0.5680555555555555 0.01875 0.08055555555555556
0 0.355859375 0.6763888888888889 0.01953125 0.06388888888888888
0 0.473046875 0.5805555555555556 0.02109375 0.07777777777777778
0 0.67265625 0.3472222222222222 0.015625 0.044444444444444446
0 0.316796875 0.41041666666666665 0.01328125 0.05694444444444444
0 0.43828125 0.7451388888888889 0.01875 0.0875
1 0.871484375 0.6006944444444444 0.02109375 0.0763888888888889
1 0.84609375 0.43125 0.015625 0.059722222222222225
0 0.333984375 0.6902777777777778 0.02890625 0.07222222222222222
0 0.8765625 0.4548611111111111 0.01875 0.059722222222222225
0 0.760546875 0.6638888888888889 0.01640625 0.08055555555555556
0 0.615625 0.45069444444444445 0.0125 0.059722222222222225
1 0.34453125 0.46597222222222223 0.015625 0.0625
0 0.2265625 0.6729166666666667 0.0171875 0.09027777777777778
0 0.869140625 0.6027777777777777 0.01640625 0.07222222222222222
0 0.15234375 0.5701388888888889 0.0203125 0.07916666666666666
0 0.47265625 0.5819444444444445 0.01875 0.07777777777777778
0 0.67109375 0.34652777777777777 0.015625 0.043055555555555555
0 0.3296875 0.6888888888888889 0.0234375 0.06666666666666667
0 0.875 0.4576388888888889 0.015625 0.06527777777777778
0 0.8453125 0.43472222222222223 0.0140625 0.06111111111111111
0 0.356640625 0.6791666666666667 0.01796875 0.06944444444444445
0 0.435546875 0.7458333333333333 0.01796875 0.08888888888888889
0 0.614453125 0.4534722222222222 0.01640625 0.059722222222222225
0 0.7609375 0.6701388888888888 0.01875 0.08472222222222223
1 0.2265625 0.6736111111111112 0.0171875 0.08888888888888889
0 0.15234375 0.5701388888888889 0.0203125 0.07916666666666666
1 0.869140625 0.6027777777777777 0.01640625 0.07222222222222222
0 0.47265625 0.5819444444444445 0.01875 0.07777777777777778
0 0.67109375 0.34652777777777777 0.015625 0.043055555555555555
0 0.3296875 0.6888888888888889 0.0234375 0.06666666666666667
0 0.875 0.4576388888888889 0.015625 0.06527777777777778
0 0.8453125 0.4354166666666667 0.0140625 0.0625
0 0.356640625 0.6791666666666667 0.01796875 0.06944444444444445
0 0.435546875 0.7458333333333333 0.01796875 0.08888888888888889
0 0.614453125 0.4534722222222222 0.01640625 0.059722222222222225
0 0.7609375 0.6701388888888888 0.01875 0.08472222222222223
0 0.226171875 0.675 0.01640625 0.09166666666666666
0 0.151171875 0.5708333333333333 0.01796875 0.08055555555555556
1 0.869140625 0.6041666666666666 0.01640625 0.075
0 0.66953125 0.34791666666666665 0.015625 0.04583333333333333
0 0.844921875 0.4395833333333333 0.01171875 0.0625
0 0.472265625 0.5840277777777778 0.01640625 0.0763888888888889
0 0.43515625 0.7444444444444445 0.0171875 0.08611111111111111
0 0.87265625 0.45902777777777776 0.0125 0.059722222222222225
0 0.6140625 0.45416666666666666 0.0171875 0.058333333333333334
0 0.32578125 0.6875 0.025 0.06111111111111111
1 0.33203125 0.47291666666666665 0.0171875 0.059722222222222225
0 0.356640625 0.6868055555555556 0.02109375 0.08472222222222223
0 0.310546875 0.41180555555555554 0.01953125 0.05416666666666667
0 0.844921875 0.4409722222222222 0.01171875 0.06527777777777778
0 0.226171875 0.6743055555555556 0.01640625 0.09305555555555556
0 0.871484375 0.45902777777777776 0.01328125 0.059722222222222225
0 0.668359375 0.34930555555555554 0.01484375 0.04583333333333333
0 0.472265625 0.5840277777777778 0.01484375 0.0763888888888889
0 0.869140625 0.6083333333333333 0.01484375 0.08055555555555556
0 0.358203125 0.6875 0.02109375 0.08611111111111111
0 0.43359375 0.7451388888888889 0.0203125 0.08472222222222223
0 0.149609375 0.56875 0.01640625 0.0763888888888889
0 0.612890625 0.4548611111111111 0.01953125 0.0625
0 0.360546875 0.6875 0.01796875 0.08611111111111111
0 0.471875 0.5847222222222223 0.0125 0.07222222222222222
1 0.226171875 0.675 0.01796875 0.09444444444444444
0 0.871875 0.45902777777777776 0.0125 0.059722222222222225
0 0.667578125 0.35208333333333336 0.01328125 0.04583333333333333
0 0.84609375 0.44027777777777777 0.0125 0.058333333333333334
0 0.4328125 0.7465277777777778 0.0203125 0.08194444444444444
0 0.319140625 0.6909722222222222 0.02421875 0.07361111111111111
1 0.14921875 0.5680555555555555 0.0171875 0.07777777777777778
0 0.30390625 0.4131944444444444 0.021875 0.05416666666666667
0 0.2265625 0.6736111111111112 0.01875 0.09444444444444444
0 0.471484375 0.5888888888888889 0.01328125 0.07222222222222222
0 0.872265625 0.46111111111111114 0.01484375 0.06111111111111111
0 0.3171875 0.6944444444444444 0.021875 0.07777777777777778
0 0.362109375 0.69375 0.01796875 0.09027777777777778
0 0.870703125 0.6111111111111112 0.01640625 0.08333333333333333
1 0.14765625 0.5645833333333333 0.015625 0.0763888888888889
0 0.6671875 0.35555555555555557 0.0125 0.05
0 0.319140625 0.4826388888888889 0.01640625 0.0625
0 0.848046875 0.44305555555555554 0.01484375 0.06111111111111111
0 0.6125 0.4576388888888889 0.015625 0.05694444444444444
0 0.432421875 0.7486111111111111 0.02109375 0.08333333333333333
0 0.226953125 0.6722222222222223 0.01953125 0.09166666666666666
0 0.87578125 0.4652777777777778 0.0203125 0.06666666666666667
0 0.873046875 0.6097222222222223 0.02109375 0.08055555555555556
0 0.849609375 0.44375 0.01796875 0.0625
0 0.146484375 0.5645833333333333 0.01484375 0.0763888888888889
0 0.6671875 0.35694444444444445 0.0125 0.04722222222222222
0 0.365625 0.6972222222222222 0.015625 0.09166666666666666
0 0.472265625 0.5902777777777778 0.01328125 0.07222222222222222
0 0.764453125 0.6854166666666667 0.01953125 0.08194444444444444
0 0.315234375 0.6965277777777777 0.02265625 0.07916666666666666
0 0.87734375 0.4666666666666667 0.028125 0.06944444444444445
0 0.315625 0.4847222222222222 0.0140625 0.06944444444444445
0 0.432421875 0.7506944444444444 0.01953125 0.08472222222222223
0 0.298046875 0.4173611111111111 0.01484375 0.05416666666666667
0 0.226953125 0.6729166666666667 0.01953125 0.09027777777777778
0 0.87578125 0.4652777777777778 0.0203125 0.06666666666666667
1 0.873046875 0.6097222222222223 0.02109375 0.08055555555555556
0 0.849609375 0.44375 0.01796875 0.0625
1 0.146484375 0.5638888888888889 0.01484375 0.075
0 0.6671875 0.3576388888888889 0.0125 0.04861111111111111
0 0.366015625 0.6972222222222222 0.01640625 0.09166666666666666
0 0.472265625 0.5902777777777778 0.01328125 0.07222222222222222
1 0.315234375 0.6965277777777777 0.02265625 0.07916666666666666
1 0.764453125 0.6854166666666667 0.01953125 0.08194444444444444
0 0.87734375 0.4666666666666667 0.028125 0.06944444444444445
0 0.315625 0.4847222222222222 0.0140625 0.06944444444444445
0 0.432421875 0.7506944444444444 0.01953125 0.08472222222222223
0 0.228125 0.6736111111111112 0.01875 0.09166666666666666
0 0.875 0.4666666666666667 0.025 0.07222222222222222
1 0.851953125 0.4444444444444444 0.02109375 0.06388888888888888
0 0.87578125 0.6138888888888889 0.028125 0.08333333333333333
0 0.368359375 0.7 0.01484375 0.09166666666666666
0 0.4734375 0.5944444444444444 0.015625 0.07777777777777778
0 0.668359375 0.35694444444444445 0.01328125 0.044444444444444446
0 0.7671875 0.6868055555555556 0.01875 0.08472222222222223
0 0.147265625 0.5645833333333333 0.01484375 0.0763888888888889
0 0.4328125 0.7555555555555555 0.01875 0.08888888888888889
0 0.31484375 0.6986111111111111 0.0234375 0.08055555555555556
0 0.853515625 0.44513888888888886 0.01796875 0.06527777777777778
1 0.22890625 0.6743055555555556 0.01875 0.09305555555555556
0 0.669921875 0.35694444444444445 0.01484375 0.044444444444444446
0 0.371875 0.7034722222222223 0.015625 0.09027777777777778
0 0.146875 0.5631944444444444 0.015625 0.07361111111111111
0 0.4328125 0.75625 0.0171875 0.09027777777777778
0 0.877734375 0.6152777777777778 0.02265625 0.07777777777777778
0 0.4765625 0.5972222222222222 0.021875 0.08333333333333333
1 0.76796875 0.6833333333333333 0.0140625 0.07777777777777778
0 0.87578125 0.4673611111111111 0.0265625 0.0763888888888889
0 0.875390625 0.4638888888888889 0.01640625 0.06111111111111111
0 0.61640625 0.46319444444444446 0.0140625 0.059722222222222225
0 0.23125 0.6736111111111112 0.0203125 0.09444444444444444
0 0.67421875 0.3590277777777778 0.0234375 0.04583333333333333
1 0.857421875 0.44930555555555557 0.01328125 0.0625
0 0.61875 0.4652777777777778 0.015625 0.06388888888888888
0 0.479296875 0.5993055555555555 0.02421875 0.08472222222222223
0 0.374609375 0.7041666666666667 0.01796875 0.09166666666666666
0 0.1484375 0.5611111111111111 0.0171875 0.075
0 0.878125 0.46805555555555556 0.0140625 0.06111111111111111
0 0.433984375 0.75625 0.01796875 0.0875
0 0.771484375 0.6916666666666667 0.01640625 0.08611111111111111
0 0.88046875 0.6166666666666667 0.021875 0.07777777777777778
0 0.292578125 0.41805555555555557 0.01328125 0.05277777777777778
0 0.234765625 0.6736111111111112 0.01953125 0.08888888888888889
0 0.7765625 0.6979166666666666 0.0203125 0.09027777777777778
0 0.148828125 0.5611111111111111 0.01796875 0.075
0 0.673046875 0.35555555555555557 0.01640625 0.044444444444444446
0 0.3796875 0.7048611111111112 0.0171875 0.09583333333333334
0 0.881640625 0.475 0.01328125 0.06388888888888888
0 0.43671875 0.7576388888888889 0.0203125 0.0875
0 0.675 0.35694444444444445 0.021875 0.04722222222222222
0 0.88359375 0.6138888888888889 0.0140625 0.06666666666666667
0 0.48125 0.6006944444444444 0.0265625 0.08194444444444444
0 0.861328125 0.4548611111111111 0.01484375 0.059722222222222225
1 0.861328125 0.44930555555555557 0.01171875 0.05416666666666667
0 0.622265625 0.4673611111111111 0.01796875 0.0625
0 0.6265625 0.3194444444444444 0.0203125 0.041666666666666664
0 0.23828125 0.6763888888888889 0.0203125 0.09166666666666666
0 0.780078125 0.7013888888888888 0.02265625 0.09166666666666666
0 0.88984375 0.6256944444444444 0.01875 0.07916666666666666
0 0.151171875 0.5625 0.02109375 0.07777777777777778
0 0.676171875 0.36180555555555555 0.01796875 0.04583333333333333
0 0.867578125 0.4548611111111111 0.01328125 0.0625
0 0.4390625 0.7569444444444444 0.01875 0.08611111111111111
0 0.62578125 0.46875 0.021875 0.06527777777777778
0 0.88671875 0.47847222222222224 0.015625 0.06527777777777778
0 0.384765625 0.7055555555555556 0.01640625 0.09444444444444444
0 0.48125 0.5951388888888889 0.015625 0.0763888888888889
0 0.484765625 0.5993055555555555 0.02421875 0.07916666666666666
0 0.624609375 0.4666666666666667 0.01640625 0.06111111111111111
0 0.23828125 0.6763888888888889 0.0203125 0.09166666666666666
0 0.780078125 0.7013888888888888 0.02265625 0.09166666666666666
0 0.15078125 0.5611111111111111 0.01875 0.07777777777777778
0 0.88984375 0.6256944444444444 0.01875 0.07916666666666666
0 0.676171875 0.3611111111111111 0.01796875 0.04722222222222222
0 0.867578125 0.4548611111111111 0.01328125 0.0625
0 0.4390625 0.7569444444444444 0.01875 0.08611111111111111
0 0.62578125 0.46875 0.021875 0.06527777777777778
0 0.88671875 0.47847222222222224 0.015625 0.06527777777777778
0 0.384765625 0.7055555555555556 0.01640625 0.09444444444444444
0 0.48125 0.5951388888888889 0.015625 0.0763888888888889
0 0.484765625 0.5993055555555555 0.02421875 0.07916666666666666
0 0.624609375 0.4666666666666667 0.01640625 0.06111111111111111
0 0.24140625 0.6784722222222223 0.0203125 0.09027777777777778
0 0.152734375 0.5604166666666667 0.01796875 0.07361111111111111
0 0.89375 0.6298611111111111 0.0171875 0.08472222222222223
0 0.679296875 0.3638888888888889 0.01328125 0.04722222222222222
0 0.8921875 0.48055555555555557 0.015625 0.06666666666666667
0 0.390625 0.7048611111111112 0.0171875 0.10138888888888889
0 0.44140625 0.7548611111111111 0.0234375 0.07916666666666666
0 0.48359375 0.5951388888888889 0.0125 0.06527777777777778
1 0.305859375 0.4930555555555556 0.02109375 0.058333333333333334
0 0.244921875 0.6791666666666667 0.01953125 0.08888888888888889
0 0.680859375 0.3659722222222222 0.01171875 0.04583333333333333
0 0.15546875 0.5597222222222222 0.0171875 0.075
0 0.896484375 0.48194444444444445 0.01484375 0.06666666666666667
0 0.896484375 0.4847222222222222 0.01953125 0.07777777777777778
0 0.877734375 0.4583333333333333 0.01484375 0.06666666666666667
0 0.488671875 0.6048611111111111 0.01640625 0.07916666666666666
0 0.899609375 0.6333333333333333 0.01796875 0.08611111111111111
0 0.791015625 0.7090277777777778 0.02421875 0.0875
0 0.39609375 0.7048611111111112 0.015625 0.09861111111111111
0 0.30703125 0.70625 0.025 0.0875
0 0.632421875 0.4722222222222222 0.01640625 0.06388888888888888
0 0.4453125 0.7611111111111111 0.028125 0.08888888888888889
0 0.40234375 0.7055555555555556 0.0171875 0.10277777777777777
0 0.491796875 0.60625 0.01484375 0.07916666666666666
0 0.16015625 0.5604166666666667 0.015625 0.07361111111111111
0 0.902734375 0.48680555555555555 0.01640625 0.07083333333333333
0 0.25078125 0.6833333333333333 0.025 0.08888888888888889
0 0.905859375 0.6326388888888889 0.01953125 0.0875
0 0.451171875 0.7631944444444444 0.02578125 0.0875
0 0.79453125 0.7125 0.0171875 0.08888888888888889
0 0.30625 0.7083333333333334 0.025 0.08333333333333333
0 0.24765625 0.6798611111111111 0.01875 0.08472222222222223
0 0.308203125 0.4979166666666667 0.01484375 0.06527777777777778
1 0.88515625 0.4638888888888889 0.0171875 0.06944444444444445
0 0.294140625 0.43472222222222223 0.01796875 0.058333333333333334
0 0.684765625 0.36527777777777776 0.01171875 0.03888888888888889
0 0.44921875 0.7583333333333333 0.01875 0.08055555555555556
0 0.63671875 0.47708333333333336 0.0140625 0.059722222222222225
0 0.1640625 0.5625 0.0171875 0.08055555555555556
0 0.690234375 0.36875 0.01640625 0.04583333333333333
0 0.49609375 0.6090277777777777 0.0171875 0.08194444444444444
0 0.9109375 0.49027777777777776 0.025 0.075
1 0.253125 0.6833333333333333 0.0234375 0.08333333333333333
1 0.8015625 0.7208333333333333 0.01875 0.08888888888888889
0 0.455859375 0.7680555555555556 0.02578125 0.08611111111111111
0 0.91328125 0.6368055555555555 0.0234375 0.09027777777777778
0 0.891015625 0.4618055555555556 0.01640625 0.0625
0 0.409375 0.7048611111111112 0.0171875 0.09861111111111111
0 0.64140625 0.47708333333333336 0.0140625 0.059722222222222225
0 0.308984375 0.4979166666666667 0.01640625 0.059722222222222225
1 0.30703125 0.7090277777777778 0.028125 0.08472222222222223
0 0.29609375 0.43680555555555556 0.0125 0.05694444444444444
0 0.30625 0.6979166666666666 0.0234375 0.05694444444444444
0 0.256640625 0.6840277777777778 0.02578125 0.08472222222222223
0 0.807421875 0.7229166666666667 0.01796875 0.09027777777777778
0 0.168359375 0.5638888888888889 0.01640625 0.08611111111111111
0 0.41640625 0.70625 0.0171875 0.10416666666666667
0 0.501171875 0.6090277777777777 0.01796875 0.08194444444444444
0 0.6953125 0.3701388888888889 0.01875 0.04583333333333333
0 0.646484375 0.4756944444444444 0.01328125 0.05694444444444444
0 0.916796875 0.49166666666666664 0.02265625 0.07222222222222222
0 0.460546875 0.7701388888888889 0.02265625 0.0875
0 0.898046875 0.4701388888888889 0.02109375 0.07083333333333333
0 0.920703125 0.6375 0.02890625 0.09166666666666666
0 0.309765625 0.5 0.01953125 0.058333333333333334
1 0.256640625 0.6840277777777778 0.02578125 0.08472222222222223
0 0.807421875 0.7229166666666667 0.01796875 0.09027777777777778
0 0.168359375 0.5638888888888889 0.01640625 0.08611111111111111
0 0.41640625 0.70625 0.0171875 0.10416666666666667
0 0.501171875 0.6090277777777777 0.01796875 0.08194444444444444
0 0.695703125 0.3701388888888889 0.01953125 0.04583333333333333
0 0.646484375 0.4756944444444444 0.01328125 0.05694444444444444
0 0.9171875 0.49166666666666664 0.0234375 0.07222222222222222
0 0.460546875 0.7701388888888889 0.02265625 0.0875
0 0.898046875 0.4701388888888889 0.02109375 0.07083333333333333
0 0.920703125 0.6375 0.02890625 0.09166666666666666
0 0.309765625 0.5 0.01953125 0.058333333333333334
0 0.81484375 0.7284722222222222 0.0171875 0.09305555555555556
0 0.46484375 0.7722222222222223 0.0203125 0.08888888888888889
0 0.928515625 0.6402777777777777 0.03046875 0.08611111111111111
0 0.507421875 0.6118055555555556 0.02421875 0.08472222222222223
0 0.925 0.4965277777777778 0.034375 0.07361111111111111
0 0.262109375 0.6847222222222222 0.02890625 0.08611111111111111
0 0.312890625 0.7083333333333334 0.03828125 0.09166666666666666
0 0.70234375 0.36944444444444446 0.0234375 0.04722222222222222
0 0.42421875 0.7083333333333334 0.0171875 0.1
0 0.1734375 0.5590277777777778 0.015625 0.0763888888888889
0 0.308203125 0.7027777777777777 0.02734375 0.07777777777777778
0 0.26484375 0.6861111111111111 0.0265625 0.08333333333333333
1 0.17890625 0.5597222222222222 0.0171875 0.08055555555555556
0 0.512890625 0.6118055555555556 0.02265625 0.08194444444444444
0 0.937890625 0.6451388888888889 0.03203125 0.09027777777777778
0 0.8234375 0.73125 0.0203125 0.09305555555555556
0 0.70546875 0.37083333333333335 0.0171875 0.04722222222222222
1 0.307421875 0.7048611111111112 0.02578125 0.08472222222222223
1 0.313671875 0.7055555555555556 0.03671875 0.08333333333333333
0 0.659375 0.48125 0.0140625 0.05694444444444444
0 0.470703125 0.775 0.01796875 0.09166666666666666
0 0.432421875 0.7104166666666667 0.01640625 0.10138888888888889
0 0.930859375 0.49375 0.02109375 0.07083333333333333
0 0.66015625 0.4826388888888889 0.0171875 0.0625
1 0.9328125 0.4951388888888889 0.0328125 0.0763888888888889
0 0.309375 0.7083333333333334 0.021875 0.08888888888888889
0 0.833203125 0.7340277777777777 0.02421875 0.09861111111111111
0 0.476953125 0.7770833333333333 0.02109375 0.09305555555555556
0 0.269921875 0.6819444444444445 0.02578125 0.08888888888888889
0 0.5171875 0.6097222222222223 0.0171875 0.07777777777777778
0 0.441015625 0.7145833333333333 0.01796875 0.09305555555555556
0 0.185546875 0.5548611111111111 0.01953125 0.07361111111111111
0 0.94765625 0.6506944444444445 0.0234375 0.08472222222222223
0 0.5203125 0.6138888888888889 0.0234375 0.08333333333333333
0 0.8421875 0.7381944444444445 0.0265625 0.09583333333333334
0 0.956640625 0.6541666666666667 0.02109375 0.09166666666666666
0 0.52421875 0.6159722222222223 0.01875 0.07916666666666666
1 0.19140625 0.5520833333333334 0.0171875 0.07361111111111111
0 0.717578125 0.37569444444444444 0.01328125 0.04583333333333333
0 0.484765625 0.7777777777777778 0.01953125 0.09166666666666666
0 0.45 0.71875 0.01875 0.09583333333333334
0 0.312109375 0.7083333333333334 0.02265625 0.08055555555555556
0 0.275 0.68125 0.0234375 0.09027777777777778
0 0.310546875 0.44166666666666665 0.02109375 0.06388888888888888
0 0.198828125 0.5513888888888889 0.01796875 0.075
1 0.966015625 0.6576388888888889 0.01796875 0.09027777777777778
0 0.8515625 0.7409722222222223 0.028125 0.09583333333333334
0 0.530078125 0.6152777777777778 0.01484375 0.07777777777777778
1 0.316015625 0.7111111111111111 0.02421875 0.08611111111111111
0 0.28125 0.6784722222222223 0.0234375 0.09027777777777778
0 0.491796875 0.7763888888888889 0.02109375 0.09166666666666666
0 0.198828125 0.5513888888888889 0.01796875 0.075
1 0.966015625 0.6576388888888889 0.01796875 0.09027777777777778
0 0.530078125 0.6152777777777778 0.01484375 0.07777777777777778
0 0.8515625 0.7409722222222223 0.028125 0.09583333333333334
0 0.316015625 0.7111111111111111 0.02421875 0.08611111111111111
0 0.28125 0.6791666666666667 0.0234375 0.09166666666666666
0 0.491796875 0.7763888888888889 0.02109375 0.09166666666666666
0 0.5 0.7777777777777778 0.021875 0.09166666666666666
0 0.5375 0.6180555555555556 0.015625 0.08055555555555556
0 0.2875 0.6743055555555556 0.0203125 0.0763888888888889
0 0.20546875 0.5520833333333334 0.0203125 0.07916666666666666
0 0.976953125 0.6611111111111111 0.01953125 0.09166666666666666
0 0.86328125 0.7465277777777778 0.028125 0.09305555555555556
0 0.31953125 0.4409722222222222 0.015625 0.05694444444444444
0 0.21484375 0.5486111111111112 0.0203125 0.07777777777777778
0 0.54609375 0.61875 0.0203125 0.08472222222222223
0 0.478515625 0.7229166666666667 0.01953125 0.09305555555555556
0 0.509375 0.7805555555555556 0.0203125 0.09166666666666666
0 0.870703125 0.7493055555555556 0.02109375 0.09583333333333334
1 0.337109375 0.50625 0.02734375 0.06527777777777778
0 0.96953125 0.4895833333333333 0.0234375 0.08472222222222223
0 0.9890625 0.6652777777777777 0.0203125 0.08888888888888889
0 0.32734375 0.44583333333333336 0.025 0.06944444444444445
0 0.971875 0.49444444444444446 0.0296875 0.09166666666666666
0 0.29921875 0.675 0.03125 0.08611111111111111
0 0.5171875 0.7805555555555556 0.01875 0.09166666666666666
0 0.553515625 0.6194444444444445 0.02265625 0.08611111111111111
0 0.31953125 0.6909722222222222 0.0546875 0.11527777777777778
0 0.223828125 0.5402777777777777 0.01796875 0.07222222222222222
0 0.883203125 0.7520833333333333 0.02109375 0.09583333333333334
0 0.747265625 0.37430555555555556 0.01953125 0.043055555555555555
0 0.34375 0.5069444444444444 0.0265625 0.06388888888888888
1 0.3234375 0.6923611111111111 0.0453125 0.1125
0 0.52578125 0.7819444444444444 0.0171875 0.08611111111111111
0 0.562109375 0.6194444444444445 0.02578125 0.08888888888888889
0 0.233203125 0.5395833333333333 0.01640625 0.0763888888888889
0 0.3515625 0.5055555555555555 0.025 0.06666666666666667
0 0.3375 0.44513888888888886 0.0125 0.0625
0 0.716015625 0.48680555555555555 0.01640625 0.05694444444444444
0 0.498828125 0.7256944444444444 0.01953125 0.09583333333333334
0 0.326171875 0.6923611111111111 0.03515625 0.11527777777777778
0 0.242578125 0.5361111111111111 0.01796875 0.075
0 0.570703125 0.6173611111111111 0.02578125 0.0875
0 0.344921875 0.44305555555555554 0.01484375 0.06666666666666667
0 0.534375 0.7840277777777778 0.0171875 0.0875
0 0.326171875 0.6923611111111111 0.03515625 0.11527777777777778
0 0.242578125 0.5361111111111111 0.01796875 0.075
0 0.570703125 0.6173611111111111 0.02578125 0.0875
0 0.344921875 0.44305555555555554 0.01484375 0.06666666666666667
0 0.534375 0.7847222222222222 0.0171875 0.08888888888888889
0 0.3296875 0.6916666666666667 0.025 0.11944444444444445
0 0.252734375 0.5340277777777778 0.01796875 0.07083333333333333
0 0.351171875 0.44305555555555554 0.01640625 0.06944444444444445
0 0.544140625 0.7854166666666667 0.02109375 0.09583333333333334
0 0.57890625 0.6180555555555556 0.021875 0.08333333333333333
0 0.918359375 0.7625 0.02265625 0.09722222222222222
0 0.336328125 0.6916666666666667 0.02421875 0.12222222222222222
0 0.5546875 0.7868055555555555 0.021875 0.09305555555555556
0 0.262890625 0.5305555555555556 0.02109375 0.07222222222222222
0 0.35625 0.44027777777777777 0.021875 0.07222222222222222
0 0.377734375 0.5020833333333333 0.01953125 0.06527777777777778
0 0.587890625 0.6166666666666667 0.01796875 0.07777777777777778
0 0.541796875 0.7145833333333333 0.01640625 0.08472222222222223
0 0.564453125 0.7868055555555555 0.02578125 0.09305555555555556
1 0.340625 0.6798611111111111 0.025 0.10416666666666667
0 0.36484375 0.4388888888888889 0.021875 0.06388888888888888
0 0.27265625 0.5256944444444445 0.0203125 0.059722222222222225
0 0.596875 0.61875 0.0171875 0.08194444444444444
1 0.34921875 0.6847222222222222 0.0375 0.11666666666666667
0 0.604296875 0.6131944444444445 0.01640625 0.07361111111111111
0 0.551953125 0.7166666666666667 0.01796875 0.09166666666666666
0 0.28203125 0.5263888888888889 0.0234375 0.06388888888888888
0 0.369140625 0.43819444444444444 0.01953125 0.0625
0 0.573046875 0.7881944444444444 0.02890625 0.09027777777777778
0 0.37109375 0.4409722222222222 0.028125 0.06805555555555555
0 0.95703125 0.7743055555555556 0.03125 0.10416666666666667
0 0.76796875 0.49375 0.015625 0.06805555555555555
1 0.40546875 0.5041666666666667 0.021875 0.06944444444444445
0 0.2921875 0.5284722222222222 0.021875 0.06527777777777778
0 0.3546875 0.6770833333333334 0.0375 0.10416666666666667
0 0.583203125 0.7875 0.02734375 0.09444444444444444
0 0.6140625 0.6180555555555556 0.0171875 0.08333333333333333
0 0.562109375 0.70625 0.01796875 0.06805555555555555
0 0.37890625 0.44305555555555554 0.021875 0.07222222222222222
0 0.777734375 0.49583333333333335 0.01484375 0.06666666666666667
0 0.349609375 0.6798611111111111 0.02890625 0.0875
1 0.40546875 0.5041666666666667 0.021875 0.06944444444444445
0 0.2921875 0.5284722222222222 0.021875 0.06527777777777778
0 0.3546875 0.6770833333333334 0.0375 0.10416666666666667
0 0.583203125 0.7875 0.02734375 0.09444444444444444
0 0.6140625 0.6180555555555556 0.0171875 0.08333333333333333
0 0.562109375 0.70625 0.01796875 0.06805555555555555
0 0.37890625 0.44305555555555554 0.021875 0.07222222222222222
0 0.777734375 0.49583333333333335 0.01484375 0.06666666666666667
0 0.349609375 0.6798611111111111 0.02890625 0.0875
0 0.362109375 0.6777777777777778 0.04609375 0.1111111111111111
0 0.302734375 0.5270833333333333 0.02265625 0.06805555555555555
0 0.62265625 0.6180555555555556 0.021875 0.08888888888888889
0 0.383203125 0.44027777777777777 0.01640625 0.075
0 0.5921875 0.7770833333333333 0.0203125 0.06805555555555555
0 0.41484375 0.5020833333333333 0.01875 0.07361111111111111
0 0.602734375 0.7923611111111111 0.02421875 0.09027777777777778
0 0.390234375 0.4395833333333333 0.01484375 0.07361111111111111
0 0.630859375 0.6194444444444445 0.02734375 0.09166666666666666
0 0.35234375 0.6854166666666667 0.01875 0.09861111111111111
0 0.423046875 0.5027777777777778 0.01953125 0.08055555555555556
0 0.36796875 0.6784722222222223 0.0484375 0.1125
0 0.3109375 0.5256944444444445 0.0203125 0.07083333333333333
0 0.7984375 0.4951388888888889 0.01875 0.06527777777777778
0 0.82421875 0.37569444444444444 0.0171875 0.04583333333333333
0 0.582421875 0.7152777777777778 0.01796875 0.09166666666666666
0 0.37578125 0.6625 0.028125 0.08333333333333333
0 0.35859375 0.6861111111111111 0.021875 0.10277777777777777
0 0.38046875 0.6652777777777777 0.028125 0.09444444444444444
0 0.31875 0.5229166666666667 0.0203125 0.07361111111111111
0 0.639453125 0.61875 0.02734375 0.09027777777777778
0 0.39765625 0.43680555555555556 0.0140625 0.07083333333333333
0 0.808203125 0.49583333333333335 0.02421875 0.075
0 0.612109375 0.7944444444444444 0.02578125 0.09166666666666666
1 0.432421875 0.4979166666666667 0.01796875 0.0763888888888889
0 0.591796875 0.7152777777777778 0.01953125 0.09166666666666666
0 0.386328125 0.6618055555555555 0.02578125 0.09305555555555556
1 0.43984375 0.4965277777777778 0.01875 0.07916666666666666
0 0.32734375 0.5208333333333334 0.0203125 0.075
0 0.36328125 0.6840277777777778 0.028125 0.10138888888888889
0 0.816796875 0.4951388888888889 0.02265625 0.07083333333333333
0 0.644921875 0.6180555555555556 0.02109375 0.08888888888888889
0 0.61875 0.7972222222222223 0.0234375 0.09166666666666666
0 0.364453125 0.6791666666666667 0.03046875 0.09166666666666666
0 0.392578125 0.6583333333333333 0.02890625 0.09722222222222222
0 0.65390625 0.6152777777777778 0.0203125 0.08055555555555556
0 0.33515625 0.5208333333333334 0.0203125 0.07222222222222222
0 0.44609375 0.5006944444444444 0.01875 0.08472222222222223
0 0.62578125 0.7986111111111112 0.021875 0.1
0 0.406640625 0.4340277777777778 0.02578125 0.0763888888888889
0 0.824609375 0.49375 0.02109375 0.06805555555555555
0 0.844921875 0.3736111111111111 0.01640625 0.05277777777777778
0 0.364453125 0.6791666666666667 0.03046875 0.09166666666666666
0 0.392578125 0.6583333333333333 0.02890625 0.09722222222222222
0 0.65390625 0.6152777777777778 0.0203125 0.08055555555555556
0 0.33515625 0.5208333333333334 0.0203125 0.07222222222222222
0 0.44609375 0.5006944444444444 0.01875 0.08472222222222223
0 0.62578125 0.7986111111111112 0.021875 0.1
0 0.406640625 0.4340277777777778 0.02578125 0.0763888888888889
0 0.824609375 0.49375 0.02109375 0.06805555555555555
0 0.844921875 0.3736111111111111 0.01640625 0.05277777777777778
0 0.365625 0.675 0.0328125 0.08888888888888889
1 0.45390625 0.5006944444444444 0.021875 0.0875
0 0.398828125 0.6583333333333333 0.03359375 0.09722222222222222
0 0.343359375 0.5159722222222223 0.02109375 0.06527777777777778
0 0.853125 0.3763888888888889 0.0203125 0.05555555555555555
0 0.66015625 0.6166666666666667 0.0171875 0.075
0 0.416015625 0.4270833333333333 0.02265625 0.06805555555555555
0 0.402734375 0.6590277777777778 0.02890625 0.09027777777777778
0 0.366015625 0.6708333333333333 0.02734375 0.08611111111111111
0 0.46171875 0.5027777777777778 0.0234375 0.08333333333333333
0 0.350390625 0.5152777777777777 0.02578125 0.06944444444444445
0 0.841015625 0.5006944444444444 0.01640625 0.07083333333333333
0 0.419140625 0.42986111111111114 0.02109375 0.07083333333333333
0 0.858203125 0.3736111111111111 0.01796875 0.05
0 0.6671875 0.6256944444444444 0.0171875 0.09305555555555556
0 0.419921875 0.43333333333333335 0.02734375 0.075
0 0.366796875 0.6708333333333333 0.02421875 0.09166666666666666
0 0.407421875 0.65625 0.02890625 0.09027777777777778
0 0.46875 0.5048611111111111 0.0265625 0.08194444444444444
0 0.356640625 0.5159722222222223 0.02890625 0.07083333333333333
0 0.86328125 0.3736111111111111 0.01875 0.05
0 0.673046875 0.6222222222222222 0.01796875 0.08333333333333333
0 0.84921875 0.5034722222222222 0.0171875 0.07361111111111111
0 0.4265625 0.43194444444444446 0.0234375 0.07222222222222222
0 0.633203125 0.7034722222222223 0.02109375 0.06805555555555555
0 0.3671875 0.6722222222222223 0.021875 0.09722222222222222
1 0.476953125 0.5069444444444444 0.02734375 0.08333333333333333
0 0.364453125 0.5152777777777777 0.02734375 0.06944444444444445
0 0.4109375 0.6555555555555556 0.021875 0.08888888888888889
0 0.681640625 0.6236111111111111 0.02265625 0.09166666666666666
0 0.431640625 0.4340277777777778 0.01953125 0.07916666666666666
0 0.869921875 0.375 0.01640625 0.05555555555555555
0 0.658203125 0.8034722222222223 0.02421875 0.10694444444444444
0 0.857421875 0.5048611111111111 0.01796875 0.07916666666666666
1 0.640234375 0.7111111111111111 0.02265625 0.08611111111111111
0 0.482421875 0.5097222222222222 0.02421875 0.08333333333333333
0 0.415625 0.6555555555555556 0.0203125 0.08611111111111111
1 0.36953125 0.6715277777777777 0.028125 0.10138888888888889
0 0.866796875 0.5055555555555555 0.02265625 0.08055555555555556
0 0.689453125 0.625 0.02734375 0.09722222222222222
0 0.370703125 0.5145833333333333 0.02734375 0.07083333333333333
0 0.876171875 0.3819444444444444 0.01796875 0.06111111111111111
0 0.438671875 0.4305555555555556 0.01484375 0.075
0 0.66640625 0.80625 0.0234375 0.10416666666666667
0 0.833203125 0.325 0.02265625 0.05
0 0.64765625 0.7166666666666667 0.021875 0.09444444444444444
0 0.482421875 0.5097222222222222 0.02421875 0.08333333333333333
0 0.415625 0.6555555555555556 0.0203125 0.08611111111111111
0 0.36953125 0.6722222222222223 0.028125 0.10277777777777777
0 0.689453125 0.625 0.02734375 0.09722222222222222
0 0.866796875 0.5055555555555555 0.02265625 0.08055555555555556
0 0.370703125 0.5145833333333333 0.02734375 0.07083333333333333
0 0.876171875 0.3819444444444444 0.01796875 0.06111111111111111
1 0.438671875 0.4305555555555556 0.01484375 0.075
0 0.66640625 0.80625 0.0234375 0.10416666666666667
0 0.64765625 0.7166666666666667 0.021875 0.09444444444444444
1 0.833203125 0.325 0.02265625 0.05
0 0.488671875 0.5118055555555555 0.02109375 0.0875
0 0.694921875 0.625 0.02890625 0.09444444444444444
0 0.377734375 0.5166666666666667 0.02734375 0.07222222222222222
0 0.65546875 0.7159722222222222 0.021875 0.09583333333333334
0 0.87578125 0.5076388888888889 0.0265625 0.0763888888888889
0 0.423046875 0.6583333333333333 0.02734375 0.09166666666666666
0 0.37265625 0.6715277777777777 0.034375 0.10416666666666667
0 0.444921875 0.42986111111111114 0.01484375 0.07916666666666666
0 0.882421875 0.3819444444444444 0.01484375 0.06388888888888888
0 0.673046875 0.8104166666666667 0.02265625 0.10138888888888889
0 0.70234375 0.6229166666666667 0.03125 0.09305555555555556
0 0.44921875 0.42916666666666664 0.015625 0.07777777777777778
0 0.42890625 0.6604166666666667 0.0328125 0.09305555555555556
0 0.3734375 0.6673611111111111 0.0359375 0.09583333333333334
0 0.882421875 0.5048611111111111 0.02734375 0.07916666666666666
0 0.49375 0.5131944444444444 0.0234375 0.08194444444444444
0 0.38359375 0.5166666666666667 0.021875 0.07222222222222222
0 0.68046875 0.8111111111111111 0.021875 0.10555555555555556
0 0.84375 0.3284722222222222 0.0171875 0.05416666666666667
0 0.699609375 0.6208333333333333 0.02265625 0.08611111111111111
0 0.662890625 0.7208333333333333 0.02109375 0.09444444444444444
0 0.880859375 0.5020833333333333 0.02109375 0.07083333333333333
0 0.887890625 0.38055555555555554 0.02265625 0.05555555555555555
0 0.4328125 0.6590277777777778 0.0375 0.09583333333333334
0 0.50078125 0.5131944444444444 0.021875 0.08472222222222223
0 0.3890625 0.5173611111111112 0.021875 0.0763888888888889
0 0.368359375 0.6604166666666667 0.02578125 0.09305555555555556
0 0.88984375 0.5069444444444444 0.028125 0.07777777777777778
1 0.4546875 0.4284722222222222 0.01875 0.07916666666666666
0 0.706640625 0.625 0.02578125 0.08611111111111111
0 0.8921875 0.38125 0.0234375 0.05694444444444444
0 0.850390625 0.3263888888888889 0.02265625 0.05277777777777778
0 0.668359375 0.7194444444444444 0.02109375 0.09166666666666666
0 0.703125 0.6215277777777778 0.01875 0.08194444444444444
0 0.686328125 0.8125 0.01953125 0.09166666666666666
0 0.435546875 0.6590277777777778 0.03671875 0.09305555555555556
0 0.366796875 0.6597222222222222 0.02421875 0.09166666666666666
1 0.507421875 0.5152777777777777 0.02109375 0.08333333333333333
0 0.394140625 0.5180555555555556 0.02109375 0.07777777777777778
0 0.693359375 0.8152777777777778 0.02265625 0.1
0 0.896484375 0.5069444444444444 0.02421875 0.07222222222222222
0 0.45859375 0.42916666666666664 0.0203125 0.07777777777777778
0 0.674609375 0.7180555555555556 0.01796875 0.08611111111111111
0 0.7109375 0.6229166666666667 0.021875 0.09027777777777778
0 0.854296875 0.32708333333333334 0.02578125 0.05416666666666667
0 0.895703125 0.3770833333333333 0.02421875 0.05694444444444444
0 0.366796875 0.6611111111111111 0.02265625 0.09722222222222222
0 0.514453125 0.5152777777777777 0.01953125 0.08333333333333333
0 0.401171875 0.5173611111111112 0.01953125 0.0763888888888889
0 0.90234375 0.5097222222222222 0.0203125 0.075
0 0.435546875 0.6555555555555556 0.03359375 0.08611111111111111
0 0.46484375 0.425 0.01875 0.07222222222222222
0 0.701953125 0.8194444444444444 0.02578125 0.10555555555555556
0 0.898046875 0.3784722222222222 0.02109375 0.05416666666666667
0 0.903125 0.37916666666666665 0.0328125 0.05555555555555555
0 0.715625 0.6236111111111111 0.021875 0.09166666666666666
0 0.68046875 0.7166666666666667 0.01875 0.09166666666666666
0 0.85546875 0.3236111111111111 0.0234375 0.05
1 0.366796875 0.6611111111111111 0.02265625 0.09722222222222222
1 0.514453125 0.5152777777777777 0.01953125 0.08333333333333333
1 0.401171875 0.5173611111111112 0.01953125 0.0763888888888889
0 0.902734375 0.5097222222222222 0.02109375 0.075
0 0.435546875 0.6555555555555556 0.03359375 0.08611111111111111
0 0.46484375 0.42430555555555555 0.01875 0.07361111111111111
0 0.701953125 0.8194444444444444 0.02578125 0.10555555555555556
0 0.898046875 0.3784722222222222 0.02109375 0.05416666666666667
0 0.903125 0.37916666666666665 0.0328125 0.05555555555555555
0 0.715625 0.6236111111111111 0.021875 0.09166666666666666
0 0.68046875 0.7166666666666667 0.01875 0.09166666666666666
0 0.85546875 0.3236111111111111 0.0234375 0.05
0 0.36796875 0.6597222222222222 0.0265625 0.09444444444444444
0 0.519921875 0.5159722222222223 0.01796875 0.08472222222222223
0 0.708203125 0.81875 0.02734375 0.10694444444444444
0 0.40546875 0.5166666666666667 0.0203125 0.07777777777777778
0 0.435546875 0.6555555555555556 0.03046875 0.08333333333333333
0 0.9078125 0.5090277777777777 0.015625 0.07361111111111111
0 0.719921875 0.6229166666666667 0.02109375 0.09305555555555556
0 0.9078125 0.38055555555555554 0.034375 0.058333333333333334
0 0.46953125 0.425 0.015625 0.06944444444444445
0 0.860546875 0.3229166666666667 0.02890625 0.05416666666666667
0 0.687109375 0.7194444444444444 0.01953125 0.09722222222222222
0 0.903125 0.37569444444444444 0.01875 0.05138888888888889
0 0.37109375 0.6597222222222222 0.034375 0.09722222222222222
0 0.914453125 0.5090277777777777 0.01796875 0.0763888888888889
0 0.526953125 0.5173611111111112 0.01953125 0.08194444444444444
0 0.692578125 0.7180555555555556 0.01953125 0.1
0 0.715625 0.8194444444444444 0.0328125 0.10833333333333334
0 0.474609375 0.425 0.01640625 0.07777777777777778
0 0.4359375 0.65625 0.025 0.0875
0 0.41171875 0.5138888888888888 0.01875 0.075
0 0.91015625 0.3784722222222222 0.0234375 0.0625
0 0.864453125 0.325 0.02265625 0.058333333333333334
0 0.725 0.6222222222222222 0.0234375 0.08888888888888889
0 0.7234375 0.6138888888888889 0.01875 0.07222222222222222
0 0.372265625 0.65625 0.03828125 0.09583333333333334
0 0.4375 0.6569444444444444 0.0296875 0.08888888888888889
0 0.921484375 0.5097222222222222 0.01953125 0.07777777777777778
0 0.73046875 0.625 0.028125 0.09166666666666666
0 0.416796875 0.5145833333333333 0.01796875 0.08472222222222223
1 0.5328125 0.51875 0.0203125 0.08194444444444444
0 0.720703125 0.8229166666666666 0.03046875 0.10694444444444444
0 0.479296875 0.42569444444444443 0.01328125 0.07916666666666666
0 0.8671875 0.325 0.0171875 0.05555555555555555
0 0.910546875 0.3784722222222222 0.01484375 0.059722222222222225
0 0.69765625 0.7173611111111111 0.0171875 0.09583333333333334
0 0.9296875 0.5104166666666666 0.0265625 0.08194444444444444
0 0.915625 0.38055555555555554 0.0203125 0.06666666666666667
0 0.3703125 0.6506944444444445 0.0390625 0.09027777777777778
0 0.540234375 0.5215277777777778 0.02578125 0.0875
0 0.44140625 0.65625 0.0328125 0.09305555555555556
0 0.72734375 0.8229166666666666 0.0328125 0.10972222222222222
0 0.8703125 0.3263888888888889 0.01875 0.05555555555555555
0 0.737109375 0.6229166666666667 0.03046875 0.09305555555555556
0 0.42265625 0.51875 0.0203125 0.0875
0 0.484765625 0.42569444444444443 0.01328125 0.08194444444444444
0 0.70390625 0.71875 0.01875 0.09861111111111111
0 0.93828125 0.5118055555555555 0.0296875 0.08194444444444444
0 0.364453125 0.65 0.02734375 0.09166666666666666
0 0.42734375 0.5166666666666667 0.0171875 0.08333333333333333
0 0.9203125 0.3798611111111111 0.0265625 0.06527777777777778
0 0.732421875 0.825 0.03046875 0.10833333333333334
0 0.547265625 0.5222222222222223 0.02578125 0.08333333333333333
0 0.876171875 0.32569444444444445 0.02421875 0.059722222222222225
0 0.4453125 0.6555555555555556 0.0375 0.09444444444444444
0 0.740625 0.6256944444444444 0.028125 0.09027777777777778
0 0.490625 0.425 0.0140625 0.08333333333333333
0 0.709375 0.7201388888888889 0.021875 0.10138888888888889
0 0.7375 0.6236111111111111 0.0203125 0.08611111111111111
0 0.93828125 0.5118055555555555 0.0296875 0.08194444444444444
0 0.364453125 0.65 0.02734375 0.09166666666666666
0 0.42734375 0.5166666666666667 0.0171875 0.08333333333333333
0 0.9203125 0.3798611111111111 0.0265625 0.06527777777777778
0 0.732421875 0.825 0.03046875 0.10833333333333334
1 0.547265625 0.5222222222222223 0.02578125 0.08333333333333333
0 0.876171875 0.32569444444444445 0.02421875 0.059722222222222225
0 0.4453125 0.6555555555555556 0.0375 0.09444444444444444
0 0.740625 0.6256944444444444 0.028125 0.09027777777777778
0 0.490625 0.425 0.0140625 0.08333333333333333
0 0.709765625 0.7201388888888889 0.02109375 0.10138888888888889
0 0.7375 0.6236111111111111 0.0203125 0.08611111111111111
0 0.94453125 0.5125 0.0296875 0.08055555555555556
0 0.553515625 0.5229166666666667 0.02890625 0.09027777777777778
1 0.362890625 0.6527777777777778 0.02421875 0.09722222222222222
0 0.448046875 0.6513888888888889 0.03515625 0.08611111111111111
0 0.433984375 0.5173611111111112 0.01796875 0.08194444444444444
0 0.4953125 0.4236111111111111 0.0125 0.075
0 0.716015625 0.7256944444444444 0.02109375 0.10138888888888889
0 0.73671875 0.83125 0.0296875 0.10416666666666667
0 0.741796875 0.6222222222222222 0.01640625 0.08333333333333333
0 0.88125 0.32708333333333334 0.028125 0.0625
0 0.92578125 0.38125 0.0296875 0.0625
0 0.923046875 0.3784722222222222 0.02109375 0.05694444444444444
0 0.44140625 0.5194444444444445 0.0234375 0.08611111111111111
0 0.95234375 0.5145833333333333 0.0265625 0.0763888888888889
0 0.36328125 0.6555555555555556 0.0265625 0.1
0 0.559375 0.5243055555555556 0.028125 0.08472222222222223
0 0.74140625 0.8333333333333334 0.0265625 0.10277777777777777
0 0.502734375 0.425 0.01796875 0.075
0 0.4484375 0.6513888888888889 0.0296875 0.08611111111111111
0 0.748046875 0.6284722222222222 0.01953125 0.08194444444444444
0 0.880859375 0.32430555555555557 0.02109375 0.05138888888888889
0 0.926171875 0.3798611111111111 0.02265625 0.05694444444444444
0 0.748046875 0.8402777777777778 0.03203125 0.1111111111111111
0 0.365234375 0.6555555555555556 0.03203125 0.1
0 0.45 0.6527777777777778 0.025 0.09166666666666666
0 0.72890625 0.7305555555555555 0.021875 0.10833333333333334
0 0.887109375 0.32916666666666666 0.02109375 0.05555555555555555
0 0.753515625 0.63125 0.02265625 0.0875
0 0.958203125 0.5180555555555556 0.02109375 0.08055555555555556
0 0.51015625 0.4236111111111111 0.01875 0.06944444444444445
0 0.450390625 0.5201388888888889 0.02734375 0.08472222222222223
0 0.56484375 0.5243055555555556 0.0265625 0.07916666666666666
0 0.933984375 0.38472222222222224 0.03203125 0.06666666666666667
0 0.445703125 0.5138888888888888 0.01953125 0.06944444444444445
0 0.93125 0.3819444444444444 0.0203125 0.05555555555555555
0 0.453125 0.6548611111111111 0.0265625 0.0875
0 0.518359375 0.42430555555555555 0.02265625 0.07083333333333333
0 0.894140625 0.3333333333333333 0.01796875 0.06111111111111111
0 0.9671875 0.5236111111111111 0.01875 0.08055555555555556
0 0.45546875 0.5194444444444445 0.028125 0.07777777777777778
0 0.9390625 0.3888888888888889 0.0203125 0.06388888888888888
0 0.5703125 0.525 0.025 0.07222222222222222
0 0.756640625 0.8444444444444444 0.03359375 0.11388888888888889
0 0.736328125 0.7256944444444444 0.02265625 0.09027777777777778
0 0.366015625 0.6465277777777778 0.03203125 0.08472222222222223
0 0.45234375 0.5131944444444444 0.021875 0.06805555555555555
0 0.460546875 0.6604166666666667 0.03671875 0.10416666666666667
1 0.578515625 0.5319444444444444 0.03203125 0.07777777777777778
0 0.3671875 0.6472222222222223 0.0359375 0.08888888888888889
0 0.76484375 0.8493055555555555 0.0359375 0.10972222222222222
0 0.463671875 0.5201388888888889 0.03359375 0.08194444444444444
0 0.744921875 0.7277777777777777 0.02265625 0.09722222222222222
0 0.944921875 0.3902777777777778 0.01640625 0.06666666666666667
1 0.90078125 0.3368055555555556 0.0171875 0.06805555555555555
0 0.362109375 0.6465277777777778 0.02421875 0.0875
0 0.976171875 0.5284722222222222 0.01953125 0.08472222222222223
0 0.525 0.42291666666666666 0.0234375 0.06805555555555555
0 0.458203125 0.5125 0.02109375 0.06666666666666667
0 0.460546875 0.6611111111111111 0.03671875 0.10555555555555556
0 0.578515625 0.5319444444444444 0.03203125 0.07777777777777778
1 0.3671875 0.6472222222222223 0.0359375 0.08888888888888889
0 0.463671875 0.5201388888888889 0.03359375 0.08194444444444444
0 0.76484375 0.8493055555555555 0.0359375 0.10972222222222222
0 0.744921875 0.7277777777777777 0.02265625 0.09722222222222222
0 0.944921875 0.3902777777777778 0.01640625 0.06666666666666667
0 0.90078125 0.3368055555555556 0.0171875 0.06805555555555555
0 0.976171875 0.5284722222222222 0.01953125 0.08472222222222223
1 0.362109375 0.6465277777777778 0.02421875 0.0875
0 0.458203125 0.5125 0.02109375 0.06666666666666667
0 0.525 0.42291666666666666 0.0234375 0.06805555555555555
0 0.753125 0.73125 0.0234375 0.10138888888888889
0 0.466015625 0.6611111111111111 0.03828125 0.10555555555555556
0 0.775 0.8513888888888889 0.0390625 0.11666666666666667
1 0.36328125 0.6486111111111111 0.0265625 0.08611111111111111
0 0.908203125 0.3375 0.02421875 0.06388888888888888
0 0.953125 0.39444444444444443 0.0203125 0.06944444444444445
0 0.587109375 0.5333333333333333 0.03671875 0.07777777777777778
0 0.9875 0.5298611111111111 0.021875 0.08194444444444444
0 0.533203125 0.4270833333333333 0.02890625 0.07083333333333333
0 0.46796875 0.5180555555555556 0.028125 0.07222222222222222
1 0.36484375 0.6506944444444445 0.025 0.09027777777777778
0 0.784765625 0.8555555555555555 0.03984375 0.11388888888888889
0 0.7625 0.7375 0.025 0.09722222222222222
0 0.46875 0.6569444444444444 0.0375 0.09166666666666666
0 0.958984375 0.39375 0.02265625 0.05694444444444444
0 0.595703125 0.5368055555555555 0.03828125 0.0763888888888889
0 0.916796875 0.34097222222222223 0.03203125 0.06527777777777778
0 0.015234375 0.3680555555555556 0.02265625 0.05277777777777778
0 0.476953125 0.5256944444444445 0.03203125 0.08194444444444444
0 0.7875 0.6486111111111111 0.0375 0.09444444444444444
0 0.993359375 0.5319444444444444 0.01171875 0.08611111111111111
0 0.367578125 0.6513888888888889 0.02265625 0.09444444444444444
0 0.794140625 0.8604166666666667 0.03828125 0.1125
0 0.968359375 0.39861111111111114 0.02578125 0.06111111111111111
0 0.471484375 0.6569444444444444 0.03515625 0.08888888888888889
0 0.770703125 0.7354166666666667 0.02109375 0.09027777777777778
1 0.92578125 0.34305555555555556 0.0375 0.06388888888888888
0 0.602734375 0.5375 0.03828125 0.075
0 0.794140625 0.6451388888888889 0.03671875 0.0875
0 0.803515625 0.8673611111111111 0.03515625 0.1125
1 0.37421875 0.6513888888888889 0.028125 0.1
0 0.78046875 0.7472222222222222 0.021875 0.1
0 0.47421875 0.6625 0.0296875 0.09444444444444444
0 0.029296875 0.3715277777777778 0.03203125 0.05694444444444444
0 0.561328125 0.4340277777777778 0.03203125 0.06805555555555555
0 0.489453125 0.5291666666666667 0.02734375 0.075
0 0.608203125 0.5402777777777777 0.03359375 0.075
0 0.791015625 0.75 0.01953125 0.1
0 0.37890625 0.6513888888888889 0.0359375 0.09722222222222222
0 0.0390625 0.3729166666666667 0.0296875 0.05416666666666667
0 0.478125 0.6666666666666666 0.0296875 0.09722222222222222
0 0.810546875 0.8722222222222222 0.02734375 0.10833333333333334
0 0.983203125 0.4048611111111111 0.03046875 0.0625
1 0.93828125 0.34791666666666665 0.0296875 0.0625
0 0.791015625 0.75 0.01953125 0.1
0 0.37890625 0.6513888888888889 0.0359375 0.09722222222222222
0 0.0390625 0.3729166666666667 0.0296875 0.05416666666666667
0 0.478125 0.6666666666666666 0.0296875 0.09722222222222222
0 0.810546875 0.8722222222222222 0.02734375 0.10833333333333334
0 0.983203125 0.4048611111111111 0.03046875 0.0625
0 0.938671875 0.34791666666666665 0.03046875 0.0625
0 0.38125 0.6506944444444445 0.0390625 0.09305555555555556
1 0.946484375 0.3506944444444444 0.01796875 0.0625
0 0.485546875 0.6666666666666666 0.03515625 0.1
0 0.0484375 0.3736111111111111 0.0296875 0.05555555555555555
0 0.575 0.44027777777777777 0.025 0.06666666666666667
0 0.056640625 0.3770833333333333 0.03046875 0.059722222222222225
0 0.3796875 0.6493055555555556 0.034375 0.09583333333333334
0 0.95625 0.35694444444444445 0.0203125 0.06388888888888888
0 0.492578125 0.6645833333333333 0.03828125 0.09305555555555556
0 0.633984375 0.5534722222222223 0.03515625 0.07916666666666666
0 0.585546875 0.44513888888888886 0.03359375 0.07083333333333333
0 0.582421875 0.4423611111111111 0.02578125 0.06527777777777778
0 0.38203125 0.6548611111111111 0.028125 0.09861111111111111
0 0.06484375 0.38125 0.028125 0.06527777777777778
1 0.38125 0.6444444444444445 0.021875 0.07777777777777778
0 0.4953125 0.6645833333333333 0.03125 0.0875
0 0.966796875 0.3590277777777778 0.02734375 0.06527777777777778
0 0.84140625 0.8895833333333333 0.0390625 0.12083333333333333
1 0.383984375 0.6569444444444444 0.01953125 0.1
0 0.50234375 0.6652777777777777 0.0328125 0.08333333333333333
0 0.07109375 0.38125 0.021875 0.06527777777777778
0 0.651171875 0.5548611111111111 0.03515625 0.07083333333333333
0 0.601171875 0.44722222222222224 0.03359375 0.06944444444444445
0 0.8546875 0.8916666666666667 0.0390625 0.11944444444444445
1 0.3890625 0.6611111111111111 0.0234375 0.10277777777777777
0 0.0796875 0.3819444444444444 0.0203125 0.06666666666666667
0 0.5046875 0.6694444444444444 0.0265625 0.08888888888888889
0 0.9796875 0.3576388888888889 0.021875 0.05416666666666667
1 0.659765625 0.5576388888888889 0.03515625 0.06805555555555555
0 0.605859375 0.45 0.02734375 0.06388888888888888
0 0.3890625 0.6611111111111111 0.0234375 0.10277777777777777
0 0.0796875 0.3819444444444444 0.0203125 0.06666666666666667
0 0.5046875 0.66875 0.0265625 0.0875
1 0.9796875 0.3576388888888889 0.021875 0.05416666666666667
1 0.659765625 0.5576388888888889 0.03515625 0.06805555555555555
0 0.605859375 0.45 0.02734375 0.06388888888888888
0 0.392578125 0.6652777777777777 0.02890625 0.1111111111111111
0 0.087890625 0.3861111111111111 0.01796875 0.06111111111111111
0 0.510546875 0.6666666666666666 0.02421875 0.07222222222222222
0 0.0953125 0.39305555555555555 0.015625 0.06388888888888888
0 0.3953125 0.6583333333333333 0.03125 0.09166666666666666
0 0.517578125 0.6743055555555556 0.03203125 0.09305555555555556
0 0.619921875 0.45555555555555555 0.02578125 0.06666666666666667
0 0.541796875 0.5472222222222223 0.02578125 0.06944444444444445
0 0.39765625 0.65625 0.034375 0.09305555555555556
0 0.52421875 0.6777777777777778 0.040625 0.1
0 0.103515625 0.3923611111111111 0.01640625 0.059722222222222225
0 0.89609375 0.9194444444444444 0.04375 0.11388888888888889
0 0.873828125 0.7875 0.03046875 0.1
0 0.39921875 0.6583333333333333 0.028125 0.09166666666666666
0 0.52734375 0.6791666666666667 0.040625 0.1
0 0.109765625 0.39861111111111114 0.01796875 0.06944444444444445
0 0.55390625 0.5548611111111111 0.0234375 0.07083333333333333
0 0.9 0.93125 0.0375 0.11805555555555555
0 0.40078125 0.6625 0.0234375 0.10277777777777777
0 0.118359375 0.40069444444444446 0.01953125 0.07083333333333333
0 0.529296875 0.6784722222222223 0.03515625 0.09027777777777778
0 0.40078125 0.6625 0.0234375 0.10277777777777777
0 0.118359375 0.4 0.01953125 0.06944444444444445
0 0.529296875 0.6784722222222223 0.03515625 0.09027777777777778
0 0.403515625 0.6659722222222222 0.02265625 0.10972222222222222
0 0.12578125 0.40555555555555556 0.0171875 0.06944444444444445
0 0.565625 0.5590277777777778 0.021875 0.07361111111111111
0 0.530078125 0.6798611111111111 0.02890625 0.09027777777777778
0 0.6984375 0.5770833333333333 0.028125 0.07361111111111111
1 0.407421875 0.6652777777777777 0.02578125 0.1111111111111111
0 0.532421875 0.6847222222222222 0.02734375 0.09722222222222222
0 0.574609375 0.5659722222222222 0.03203125 0.08194444444444444
0 0.9234375 0.9430555555555555 0.034375 0.11388888888888889
0 0.91328125 0.7972222222222223 0.0328125 0.11944444444444445
1 0.705859375 0.5798611111111112 0.03046875 0.07361111111111111
0 0.891796875 0.7097222222222223 0.02890625 0.1
0 0.1328125 0.41041666666666665 0.0171875 0.0625
0 0.65 0.47430555555555554 0.025 0.0625
0 0.410546875 0.6604166666666667 0.03359375 0.09861111111111111
0 0.58046875 0.5701388888888889 0.0359375 0.08472222222222223
0 0.53671875 0.6875 0.03125 0.10277777777777777
0 0.71171875 0.5840277777777778 0.0296875 0.07916666666666666
0 0.140234375 0.41597222222222224 0.02109375 0.06527777777777778
0 0.93359375 0.9458333333333333 0.0359375 0.10277777777777777
0 0.919921875 0.7993055555555556 0.02578125 0.11527777777777778
0 0.65703125 0.47847222222222224 0.0296875 0.07083333333333333
0 0.8984375 0.7145833333333333 0.021875 0.09861111111111111
1 0.41171875 0.6583333333333333 0.0359375 0.09166666666666666
0 0.54296875 0.6868055555555556 0.034375 0.09583333333333334
0 0.586328125 0.5763888888888888 0.03828125 0.08888888888888889
0 0.14609375 0.41875 0.025 0.06527777777777778
1 0.719921875 0.5868055555555556 0.03359375 0.08194444444444444
0 0.6625 0.48125 0.03125 0.07083333333333333
0 0.929296875 0.8097222222222222 0.02578125 0.1
0 0.943359375 0.9479166666666666 0.03046875 0.09861111111111111
1 0.412109375 0.6590277777777778 0.03671875 0.09305555555555556
0 0.72734375 0.5854166666666667 0.0375 0.08194444444444444
0 0.548046875 0.6826388888888889 0.03515625 0.09583333333333334
0 0.5890625 0.5763888888888888 0.0359375 0.08611111111111111
0 0.15546875 0.41875 0.0203125 0.059722222222222225
0 0.93984375 0.8104166666666667 0.025 0.10416666666666667
0 0.953515625 0.9506944444444444 0.02734375 0.09583333333333334
0 0.671875 0.4840277777777778 0.0375 0.0763888888888889
0 0.412109375 0.6590277777777778 0.03671875 0.09305555555555556
0 0.72734375 0.5861111111111111 0.0375 0.08333333333333333
0 0.548046875 0.6826388888888889 0.03515625 0.09583333333333334
0 0.155078125 0.41944444444444445 0.02109375 0.06111111111111111
0 0.5890625 0.5763888888888888 0.0359375 0.08611111111111111
0 0.93984375 0.8097222222222222 0.025 0.10277777777777777
0 0.953515625 0.9506944444444444 0.02734375 0.09583333333333334
0 0.671875 0.4840277777777778 0.0375 0.0763888888888889
1 0.4140625 0.6604166666666667 0.0265625 0.10138888888888889
0 0.161328125 0.4263888888888889 0.02578125 0.07222222222222222
0 0.677734375 0.4847222222222222 0.03828125 0.075
0 0.55 0.6805555555555556 0.034375 0.09166666666666666
0 0.733203125 0.5833333333333334 0.03984375 0.075
0 0.59140625 0.5777777777777777 0.0265625 0.08611111111111111
0 0.949609375 0.8166666666666667 0.02421875 0.11944444444444445
0 0.96328125 0.9548611111111112 0.0265625 0.0875
0 0.544921875 0.6798611111111111 0.02421875 0.09027777777777778
0 0.553515625 0.68125 0.03046875 0.09861111111111111
1 0.416796875 0.6645833333333333 0.02109375 0.10694444444444444
1 0.735546875 0.5833333333333334 0.03046875 0.07777777777777778
0 0.166796875 0.4270833333333333 0.02734375 0.07083333333333333
0 0.59453125 0.5805555555555556 0.025 0.09166666666666666
0 0.170703125 0.425 0.01953125 0.06666666666666667
0 0.6828125 0.48541666666666666 0.0390625 0.07083333333333333
0 0.6765625 0.4861111111111111 0.0265625 0.06944444444444445
0 0.97265625 0.9597222222222223 0.0234375 0.08055555555555556
0 0.957421875 0.8083333333333333 0.02109375 0.09166666666666666
0 0.175390625 0.42986111111111114 0.02578125 0.07083333333333333
0 0.554296875 0.6847222222222222 0.02265625 0.1
0 0.740625 0.5861111111111111 0.0296875 0.08055555555555556
0 0.41953125 0.6666666666666666 0.021875 0.10833333333333334
0 0.600390625 0.5826388888888889 0.03203125 0.09305555555555556
0 0.684375 0.48680555555555555 0.0328125 0.06805555555555555
0 0.928515625 0.7243055555555555 0.02421875 0.09305555555555556
0 0.967578125 0.8194444444444444 0.02421875 0.11944444444444445
0 0.67890625 0.4861111111111111 0.0234375 0.06666666666666667
0 0.6078125 0.5847222222222223 0.0390625 0.09444444444444444
0 0.746875 0.5881944444444445 0.0296875 0.0875
0 0.5578125 0.6861111111111111 0.025 0.10555555555555556
0 0.424609375 0.6659722222222222 0.02421875 0.1125
0 0.686328125 0.4895833333333333 0.03046875 0.07361111111111111
0 0.9765625 0.8222222222222222 0.028125 0.11944444444444445
0 0.933984375 0.7319444444444444 0.03359375 0.10555555555555556
0 0.18359375 0.43333333333333335 0.0203125 0.06666666666666667
0 0.754296875 0.5868055555555556 0.03515625 0.09027777777777778
0 0.42734375 0.6597222222222222 0.025 0.1
0 0.56484375 0.6888888888888889 0.03125 0.11388888888888889
0 0.6109375 0.5784722222222223 0.0390625 0.0875
0 0.689453125 0.4895833333333333 0.02578125 0.07083333333333333
0 0.1921875 0.43333333333333335 0.0203125 0.06666666666666667
0 0.9390625 0.7333333333333333 0.021875 0.10277777777777777
0 0.984375 0.8222222222222222 0.028125 0.11666666666666667
0 0.754296875 0.5868055555555556 0.03515625 0.09027777777777778
0 0.42734375 0.6597222222222222 0.025 0.1
0 0.56484375 0.6888888888888889 0.03125 0.11388888888888889
0 0.6109375 0.5784722222222223 0.0390625 0.0875
0 0.68984375 0.4895833333333333 0.0265625 0.07083333333333333
0 0.1921875 0.43333333333333335 0.0203125 0.06666666666666667
0 0.9390625 0.7333333333333333 0.021875 0.10277777777777777
0 0.984375 0.8222222222222222 0.028125 0.11666666666666667
0 0.42890625 0.6541666666666667 0.0265625 0.1
0 0.762109375 0.5861111111111111 0.03671875 0.08888888888888889
0 0.568359375 0.6840277777777778 0.03828125 0.10694444444444444
0 0.698046875 0.4909722222222222 0.03515625 0.07083333333333333
0 0.6109375 0.5777777777777777 0.028125 0.08611111111111111
0 0.198828125 0.4340277777777778 0.01953125 0.0625
0 0.9875 0.825 0.0234375 0.11944444444444445
0 0.9484375 0.7402777777777778 0.025 0.10833333333333334
0 0.766796875 0.5840277777777778 0.03828125 0.0875
0 0.570703125 0.6798611111111111 0.03984375 0.09861111111111111
0 0.430859375 0.6506944444444445 0.02421875 0.09861111111111111
0 0.703125 0.4930555555555556 0.0390625 0.07777777777777778
0 0.953515625 0.7458333333333333 0.02421875 0.1111111111111111
0 0.61484375 0.5805555555555556 0.0265625 0.08888888888888889
0 0.206640625 0.4340277777777778 0.01640625 0.0625
0 0.76171875 0.58125 0.028125 0.08472222222222223
0 0.571484375 0.6763888888888889 0.03359375 0.09166666666666666
0 0.4328125 0.6534722222222222 0.021875 0.10138888888888889
0 0.616015625 0.5756944444444444 0.02265625 0.07916666666666666
0 0.70703125 0.4909722222222222 0.040625 0.0763888888888889
0 0.95859375 0.7479166666666667 0.03125 0.11527777777777778
0 0.7671875 0.5847222222222223 0.0296875 0.08611111111111111
0 0.215234375 0.43333333333333335 0.01640625 0.06111111111111111
0 0.77265625 0.5854166666666667 0.03125 0.09305555555555556
0 0.96640625 0.7513888888888889 0.040625 0.11666666666666667
1 0.434375 0.6541666666666667 0.021875 0.10555555555555556
0 0.709375 0.49027777777777776 0.0390625 0.07222222222222222
0 0.571875 0.6798611111111111 0.028125 0.09583333333333334
0 0.626171875 0.5965277777777778 0.04140625 0.12361111111111112
0 0.623046875 0.5805555555555556 0.03515625 0.08888888888888889
0 0.221484375 0.43680555555555556 0.01640625 0.0625
1 0.776171875 0.5881944444444445 0.02734375 0.09861111111111111
0 0.628125 0.5986111111111111 0.0453125 0.12222222222222222
1 0.438671875 0.6527777777777778 0.02734375 0.1111111111111111
0 0.5734375 0.6819444444444445 0.025 0.10277777777777777
0 0.709765625 0.4909722222222222 0.03359375 0.07361111111111111
0 0.971484375 0.7527777777777778 0.04609375 0.10555555555555556
0 0.2296875 0.4354166666666667 0.015625 0.06805555555555555
0 0.776171875 0.5881944444444445 0.02734375 0.09861111111111111
0 0.628125 0.5993055555555555 0.0453125 0.12361111111111112
1 0.438671875 0.6527777777777778 0.02734375 0.1111111111111111
0 0.5734375 0.6819444444444445 0.025 0.10277777777777777
0 0.709765625 0.4909722222222222 0.03359375 0.07361111111111111
0 0.972265625 0.7527777777777778 0.04609375 0.10277777777777777
0 0.2296875 0.4361111111111111 0.015625 0.06666666666666667
0 0.576171875 0.6798611111111111 0.02890625 0.10416666666666667
1 0.780859375 0.5861111111111111 0.03046875 0.1
0 0.4421875 0.65 0.03125 0.10833333333333334
0 0.709375 0.4930555555555556 0.028125 0.07777777777777778
0 0.628125 0.5833333333333334 0.0390625 0.09444444444444444
0 0.97421875 0.7479166666666667 0.0421875 0.10972222222222222
0 0.44453125 0.6479166666666667 0.0359375 0.10138888888888889
1 0.78671875 0.5840277777777778 0.034375 0.10138888888888889
0 0.62734375 0.5833333333333334 0.0296875 0.08888888888888889
0 0.2421875 0.44166666666666665 0.0203125 0.075
0 0.580078125 0.6784722222222223 0.03046875 0.10416666666666667
0 0.971875 0.7527777777777778 0.0328125 0.1111111111111111
0 0.715625 0.49583333333333335 0.034375 0.08333333333333333
0 0.62421875 0.5805555555555556 0.021875 0.08333333333333333
0 0.7203125 0.4951388888888889 0.0390625 0.08194444444444444
0 0.79140625 0.5819444444444445 0.0359375 0.09722222222222222
0 0.4453125 0.64375 0.0375 0.10138888888888889
0 0.62734375 0.5868055555555556 0.025 0.09583333333333334
0 0.58359375 0.6729166666666667 0.0328125 0.09861111111111111
0 0.248828125 0.4444444444444444 0.02265625 0.07777777777777778
0 0.978515625 0.7548611111111111 0.02265625 0.10972222222222222
0 0.44453125 0.6444444444444445 0.03125 0.10555555555555556
0 0.628125 0.5875 0.025 0.1
0 0.58359375 0.6694444444444444 0.0328125 0.09444444444444444
1 0.788671875 0.58125 0.02265625 0.09861111111111111
0 0.25546875 0.44583333333333336 0.021875 0.075
0 0.7234375 0.49444444444444446 0.040625 0.08055555555555556
0 0.98203125 0.7576388888888889 0.0265625 0.1125
0 0.6328125 0.5902777777777778 0.0375 0.10833333333333334
0 0.26171875 0.44930555555555557 0.0234375 0.0763888888888889
0 0.584375 0.6722222222222223 0.028125 0.1
0 0.444921875 0.6444444444444445 0.02421875 0.10555555555555556
0 0.794140625 0.5819444444444445 0.02890625 0.09722222222222222
0 0.723046875 0.4930555555555556 0.03671875 0.075
0 0.71796875 0.49375 0.028125 0.08194444444444444
0 0.6328125 0.5902777777777778 0.0375 0.10833333333333334
0 0.26171875 0.44930555555555557 0.0234375 0.0763888888888889
0 0.584375 0.6722222222222223 0.028125 0.1
0 0.444921875 0.6444444444444445 0.02421875 0.10555555555555556
0 0.794140625 0.5819444444444445 0.02890625 0.09722222222222222
0 0.72265625 0.49236111111111114 0.0359375 0.0763888888888889
0 0.7171875 0.4909722222222222 0.0234375 0.07361111111111111
0 0.798046875 0.5840277777777778 0.02421875 0.10138888888888889
0 0.446875 0.6458333333333334 0.0203125 0.10833333333333334
0 0.268359375 0.4479166666666667 0.02265625 0.08194444444444444
0 0.584375 0.675 0.0203125 0.10555555555555556
0 0.633984375 0.5819444444444445 0.03359375 0.09722222222222222
0 0.724609375 0.49444444444444446 0.03359375 0.08055555555555556
0 0.71796875 0.49236111111111114 0.021875 0.07916666666666666
0 0.62890625 0.5791666666666667 0.0234375 0.08888888888888889
0 0.987109375 0.7527777777777778 0.02421875 0.09722222222222222
0 0.802734375 0.5840277777777778 0.02578125 0.10416666666666667
1 0.44921875 0.6451388888888889 0.021875 0.1125
0 0.275 0.45 0.0234375 0.07777777777777778
0 0.586328125 0.6743055555555556 0.02109375 0.10972222222222222
0 0.721484375 0.49583333333333335 0.02421875 0.08333333333333333
0 0.634765625 0.5819444444444445 0.03515625 0.1
0 0.62890625 0.5784722222222223 0.0203125 0.09027777777777778
0 0.988671875 0.7569444444444444 0.02109375 0.10555555555555556
1 0.8078125 0.5840277777777778 0.0296875 0.10416666666666667
0 0.591015625 0.6694444444444444 0.02734375 0.10833333333333334
0 0.451171875 0.6395833333333333 0.02421875 0.10416666666666667
0 0.635546875 0.5826388888888889 0.03359375 0.10138888888888889
0 0.7234375 0.49722222222222223 0.03125 0.08888888888888889
0 0.28125 0.45 0.0203125 0.07777777777777778
0 0.722265625 0.4875 0.02578125 0.07222222222222222
0 0.9890625 0.7590277777777777 0.0203125 0.10694444444444444
0 0.63125 0.5784722222222223 0.021875 0.09027777777777778
0 0.812109375 0.58125 0.03671875 0.10416666666666667
0 0.451953125 0.6354166666666666 0.02734375 0.09861111111111111
0 0.594140625 0.6694444444444444 0.03359375 0.11666666666666667
0 0.28828125 0.45416666666666666 0.01875 0.07222222222222222
0 0.633203125 0.58125 0.02109375 0.09583333333333334
0 0.7296875 0.5013888888888889 0.0359375 0.09444444444444444
0 0.9890625 0.7618055555555555 0.0203125 0.1125
0 0.59609375 0.6611111111111111 0.0390625 0.1
0 0.4515625 0.6319444444444444 0.0296875 0.09444444444444444
0 0.7296875 0.4951388888888889 0.040625 0.09027777777777778
0 0.81640625 0.5763888888888888 0.040625 0.09722222222222222
0 0.641015625 0.5979166666666667 0.04140625 0.12638888888888888
0 0.637890625 0.5875 0.03515625 0.10555555555555556
0 0.29453125 0.45625 0.0203125 0.0763888888888889
0 0.59609375 0.6611111111111111 0.0390625 0.1
0 0.4515625 0.6319444444444444 0.0296875 0.09444444444444444
0 0.7296875 0.4951388888888889 0.040625 0.09027777777777778
0 0.81640625 0.5763888888888888 0.040625 0.09722222222222222
0 0.64140625 0.5993055555555555 0.0421875 0.12916666666666668
0 0.637890625 0.5868055555555556 0.03515625 0.10694444444444444
0 0.294140625 0.45625 0.02109375 0.08194444444444444
0 0.596484375 0.6597222222222222 0.03671875 0.1
0 0.729296875 0.49583333333333335 0.04296875 0.09166666666666666
0 0.637890625 0.5868055555555556 0.03515625 0.10416666666666667
1 0.45390625 0.6333333333333333 0.028125 0.09166666666666666
0 0.301171875 0.4583333333333333 0.02265625 0.075
0 0.817578125 0.5770833333333333 0.04296875 0.09583333333333334
0 0.455859375 0.6340277777777777 0.02578125 0.09305555555555556
0 0.818359375 0.5791666666666667 0.03203125 0.09444444444444444
0 0.637890625 0.5854166666666667 0.03984375 0.10138888888888889
0 0.5953125 0.6604166666666667 0.028125 0.09583333333333334
0 0.30625 0.4618055555555556 0.021875 0.0763888888888889
0 0.723046875 0.49583333333333335 0.02109375 0.08888888888888889
0 0.457421875 0.6347222222222222 0.02578125 0.1
0 0.81875 0.5826388888888889 0.021875 0.10138888888888889
0 0.725 0.49583333333333335 0.025 0.09166666666666666
0 0.637109375 0.5819444444444445 0.03671875 0.09444444444444444
0 0.59375 0.6638888888888889 0.0234375 0.10833333333333334
0 0.31328125 0.46597222222222223 0.025 0.07083333333333333
0 0.6328125 0.5743055555555555 0.0265625 0.07916666666666666
0 0.315625 0.47291666666666665 0.0296875 0.0875
1 0.822265625 0.5833333333333334 0.02421875 0.10833333333333334
0 0.458984375 0.6361111111111111 0.02578125 0.10833333333333334
0 0.59609375 0.6638888888888889 0.028125 0.11388888888888889
0 0.725 0.4986111111111111 0.0265625 0.09722222222222222
0 0.6328125 0.5847222222222223 0.0234375 0.10277777777777777
0 0.460546875 0.6340277777777777 0.02890625 0.10972222222222222
0 0.32109375 0.475 0.03125 0.08611111111111111
0 0.826171875 0.58125 0.02734375 0.11527777777777778
0 0.596875 0.6659722222222222 0.03125 0.12083333333333333
0 0.727734375 0.49583333333333335 0.03203125 0.09166666666666666
0 0.630859375 0.5833333333333334 0.02734375 0.1
0 0.46015625 0.6340277777777777 0.028125 0.10972222222222222
0 0.32109375 0.475 0.03125 0.08611111111111111
1 0.826171875 0.58125 0.02734375 0.11527777777777778
0 0.596875 0.6659722222222222 0.03125 0.12083333333333333
0 0.727734375 0.49583333333333335 0.03203125 0.09166666666666666
0 0.630859375 0.5833333333333334 0.02734375 0.1
0 0.458984375 0.6291666666666667 0.03515625 0.10833333333333334
0 0.327734375 0.48194444444444445 0.03203125 0.09722222222222222
0 0.5984375 0.6590277777777778 0.0328125 0.10972222222222222
1 0.828125 0.5791666666666667 0.0296875 0.11388888888888889
0 0.6328125 0.5854166666666667 0.034375 0.10694444444444444
0 0.72890625 0.4951388888888889 0.0390625 0.09027777777777778
0 0.721484375 0.4909722222222222 0.02265625 0.08472222222222223
1 0.45859375 0.625 0.0421875 0.10555555555555556
1 0.83046875 0.5763888888888888 0.0328125 0.10833333333333334
0 0.598828125 0.65625 0.03515625 0.10138888888888889
0 0.3328125 0.48541666666666666 0.03125 0.09027777777777778
0 0.631640625 0.58125 0.03828125 0.09861111111111111
0 0.718359375 0.4951388888888889 0.02578125 0.09305555555555556
0 0.626953125 0.5729166666666666 0.02734375 0.07916666666666666
0 0.72578125 0.49375 0.0421875 0.0875
0 0.46015625 0.6236111111111111 0.04375 0.10555555555555556
0 0.596875 0.65625 0.0328125 0.10138888888888889
0 0.339453125 0.4895833333333333 0.02890625 0.09583333333333334
0 0.831640625 0.5763888888888888 0.03515625 0.10555555555555556
0 0.6234375 0.5756944444444444 0.021875 0.0875
0 0.717578125 0.49583333333333335 0.02265625 0.09722222222222222
0 0.722265625 0.49444444444444446 0.03203125 0.09444444444444444
0 0.46328125 0.6256944444444444 0.040625 0.1125
0 0.832421875 0.5770833333333333 0.03359375 0.10694444444444444
0 0.594921875 0.6569444444444444 0.02578125 0.1
0 0.346875 0.4895833333333333 0.0234375 0.08472222222222223
0 0.621875 0.5777777777777777 0.01875 0.08888888888888889
0 0.7171875 0.4951388888888889 0.01875 0.09583333333333334
0 0.352734375 0.4895833333333333 0.02421875 0.0875
0 0.462890625 0.63125 0.03046875 0.11527777777777778
0 0.716796875 0.4986111111111111 0.02265625 0.10277777777777777
0 0.61953125 0.5770833333333333 0.01875 0.0875
0 0.83203125 0.5833333333333334 0.0234375 0.10555555555555556
1 0.5953125 0.6590277777777778 0.0203125 0.10972222222222222
0 0.621484375 0.5791666666666667 0.02578125 0.09444444444444444
0 0.352734375 0.4895833333333333 0.02421875 0.0875
0 0.462890625 0.6305555555555555 0.03046875 0.11388888888888889
0 0.716796875 0.49930555555555556 0.02265625 0.10416666666666667
0 0.61953125 0.5770833333333333 0.01875 0.0875
1 0.83203125 0.5833333333333334 0.0234375 0.10555555555555556
0 0.5953125 0.6590277777777778 0.0203125 0.10972222222222222
0 0.62109375 0.5791666666666667 0.025 0.09444444444444444
1 0.830859375 0.5854166666666667 0.02109375 0.10694444444444444
0 0.464453125 0.63125 0.02578125 0.11527777777777778
0 0.7171875 0.49583333333333335 0.0296875 0.1
0 0.359375 0.49166666666666664 0.021875 0.07777777777777778
0 0.617578125 0.5743055555555555 0.02265625 0.08194444444444444
0 0.593359375 0.6597222222222222 0.02109375 0.11388888888888889
0 0.366015625 0.49722222222222223 0.02265625 0.08888888888888889
0 0.717578125 0.4951388888888889 0.03671875 0.09861111111111111
0 0.833203125 0.5833333333333334 0.02734375 0.1111111111111111
0 0.61796875 0.58125 0.0296875 0.09305555555555556
1 0.46640625 0.6284722222222222 0.0234375 0.12361111111111112
0 0.5953125 0.6513888888888889 0.0234375 0.10833333333333334
0 0.713671875 0.4909722222222222 0.02734375 0.09027777777777778
1 0.83515625 0.5819444444444445 0.0296875 0.11388888888888889
0 0.716015625 0.49236111111111114 0.04453125 0.10138888888888889
0 0.59609375 0.6527777777777778 0.0328125 0.11944444444444445
0 0.372265625 0.4986111111111111 0.01953125 0.08888888888888889
1 0.46875 0.6201388888888889 0.0234375 0.1125
0 0.61015625 0.575 0.0234375 0.08055555555555556
0 0.61015625 0.5673611111111111 0.01875 0.0625
0 0.837109375 0.5798611111111112 0.03671875 0.1125
0 0.378125 0.5020833333333333 0.0234375 0.0875
0 0.59609375 0.6479166666666667 0.0375 0.10694444444444444
0 0.469140625 0.6152777777777778 0.02265625 0.10555555555555556
0 0.70625 0.49444444444444446 0.0328125 0.09444444444444444
0 0.70234375 0.49166666666666664 0.0234375 0.09166666666666666
0 0.60703125 0.5708333333333333 0.021875 0.06944444444444445
0 0.71328125 0.49166666666666664 0.0453125 0.09444444444444444
0 0.837890625 0.5770833333333333 0.04296875 0.10694444444444444
0 0.594921875 0.6458333333333334 0.04140625 0.1
0 0.708203125 0.4951388888888889 0.03515625 0.09861111111111111
1 0.46953125 0.6138888888888889 0.0234375 0.1111111111111111
0 0.382421875 0.49930555555555556 0.01953125 0.08472222222222223
0 0.703125 0.4930555555555556 0.021875 0.09444444444444444
0 0.83828125 0.5763888888888888 0.0421875 0.10833333333333334
0 0.59453125 0.6465277777777778 0.0421875 0.10138888888888889
0 0.708203125 0.4951388888888889 0.03515625 0.09861111111111111
0 0.46953125 0.6138888888888889 0.0234375 0.1111111111111111
0 0.382421875 0.49930555555555556 0.01953125 0.08472222222222223
0 0.703125 0.4930555555555556 0.021875 0.09444444444444444
0 0.388671875 0.5034722222222222 0.02265625 0.0875
0 0.594140625 0.6458333333333334 0.03359375 0.10277777777777777
0 0.703515625 0.49722222222222223 0.02265625 0.1
1 0.834375 0.575 0.034375 0.10555555555555556
0 0.469921875 0.6152777777777778 0.02265625 0.11666666666666667
0 0.5953125 0.6138888888888889 0.034375 0.14722222222222223
1 0.83515625 0.5756944444444444 0.0328125 0.10694444444444444
0 0.699609375 0.49722222222222223 0.02109375 0.10555555555555556
0 0.39453125 0.5055555555555555 0.021875 0.09166666666666666
1 0.47109375 0.6138888888888889 0.021875 0.11388888888888889
0 0.592578125 0.6402777777777777 0.02421875 0.10833333333333334
0 0.593359375 0.6125 0.02265625 0.14722222222222223
0 0.8296875 0.5763888888888888 0.01875 0.1111111111111111
0 0.696484375 0.4895833333333333 0.02890625 0.10416666666666667
0 0.591015625 0.6423611111111112 0.02421875 0.11805555555555555
0 0.399609375 0.5083333333333333 0.02578125 0.09444444444444444
0 0.471875 0.6111111111111112 0.021875 0.1111111111111111
0 0.58984375 0.6180555555555556 0.0265625 0.15833333333333333
0 0.5828125 0.6243055555555556 0.0375 0.1625
0 0.402734375 0.5076388888888889 0.02734375 0.09305555555555556
0 0.83125 0.5770833333333333 0.0234375 0.1125
0 0.69375 0.48333333333333334 0.034375 0.1
0 0.471484375 0.6069444444444444 0.02421875 0.1111111111111111
0 0.82890625 0.5770833333333333 0.0265625 0.11527777777777778
0 0.40703125 0.5083333333333333 0.028125 0.09444444444444444
0 0.687890625 0.48055555555555557 0.04453125 0.1
0 0.472265625 0.6020833333333333 0.02890625 0.10416666666666667
0 0.57578125 0.6194444444444445 0.0484375 0.15
0 0.82890625 0.5770833333333333 0.0265625 0.11527777777777778
0 0.40703125 0.5083333333333333 0.028125 0.09444444444444444
0 0.687890625 0.48055555555555557 0.04453125 0.1
0 0.47265625 0.6020833333333333 0.0296875 0.10416666666666667
0 0.57578125 0.6194444444444445 0.0484375 0.15
1 0.828515625 0.5708333333333333 0.02890625 0.11666666666666667
0 0.408984375 0.5090277777777777 0.02890625 0.09027777777777778
0 0.68125 0.4798611111111111 0.046875 0.10138888888888889
0 0.47578125 0.6041666666666666 0.04375 0.10833333333333334
0 0.9890625 0.7756944444444445 0.0203125 0.13472222222222222
0 0.58515625 0.6305555555555555 0.0265625 0.1
1 0.826171875 0.5645833333333333 0.03359375 0.10694444444444444
0 0.412109375 0.5125 0.03359375 0.09166666666666666
0 0.675390625 0.48194444444444445 0.03828125 0.10555555555555556
0 0.580859375 0.6222222222222222 0.03046875 0.1
1 0.47421875 0.6006944444444444 0.046875 0.10138888888888889
0 0.98671875 0.7763888888888889 0.025 0.12777777777777777
0 0.821484375 0.5625 0.03671875 0.10833333333333334
0 0.473046875 0.5993055555555555 0.04921875 0.10416666666666667
0 0.415625 0.5145833333333333 0.0390625 0.09583333333333334
0 0.667578125 0.48055555555555557 0.02265625 0.10833333333333334
0 0.577734375 0.6215277777777778 0.03203125 0.10416666666666667
0 0.9859375 0.7854166666666667 0.0265625 0.12083333333333333
0 0.576171875 0.6201388888888889 0.03046875 0.11527777777777778
0 0.817578125 0.5618055555555556 0.02890625 0.10972222222222222
0 0.46953125 0.5972222222222222 0.0390625 0.10277777777777777
0 0.41875 0.5145833333333333 0.0421875 0.09305555555555556
0 0.6609375 0.47708333333333336 0.021875 0.10972222222222222
0 0.987109375 0.7861111111111111 0.02421875 0.12777777777777777
0 0.575390625 0.6201388888888889 0.02578125 0.1125
0 0.655078125 0.47430555555555554 0.03046875 0.10416666666666667
0 0.812890625 0.5618055555555556 0.02421875 0.10972222222222222
0 0.983984375 0.7888888888888889 0.03046875 0.13333333333333333
0 0.423046875 0.5166666666666667 0.04453125 0.08888888888888889
0 0.465625 0.5958333333333333 0.0375 0.1
0 0.653515625 0.47291666666666665 0.02265625 0.09861111111111111
0 0.41953125 0.5118055555555555 0.034375 0.07916666666666666
0 0.53359375 0.5979166666666667 0.0375 0.05694444444444444
0 0.575390625 0.6201388888888889 0.02578125 0.1125
0 0.655078125 0.47430555555555554 0.03046875 0.10416666666666667
0 0.812890625 0.5618055555555556 0.02421875 0.10972222222222222
0 0.983984375 0.7888888888888889 0.03046875 0.13333333333333333
0 0.4234375 0.5166666666666667 0.0453125 0.08888888888888889
0 0.465625 0.5958333333333333 0.0375 0.1
0 0.653125 0.47291666666666665 0.021875 0.09861111111111111
0 0.419140625 0.5118055555555555 0.03359375 0.07916666666666666
0 0.533203125 0.5979166666666667 0.03828125 0.05694444444444444
0 0.65078125 0.4736111111111111 0.0359375 0.10833333333333334
1 0.80546875 0.5520833333333334 0.0234375 0.09861111111111111
0 0.57421875 0.6180555555555556 0.0234375 0.11666666666666667
0 0.4609375 0.5944444444444444 0.034375 0.10833333333333334
0 0.980859375 0.7854166666666667 0.03671875 0.14027777777777778
0 0.526171875 0.6 0.03359375 0.04722222222222222
0 0.978125 0.7625 0.0296875 0.09444444444444444
0 0.418359375 0.5159722222222223 0.03515625 0.09027777777777778
1 0.80546875 0.5590277777777778 0.0296875 0.11527777777777778
0 0.6453125 0.4673611111111111 0.0453125 0.10416666666666667
0 0.571484375 0.6173611111111111 0.02578125 0.12361111111111112
0 0.455078125 0.5888888888888889 0.02890625 0.1111111111111111
0 0.423828125 0.5152777777777777 0.03671875 0.08333333333333333
0 0.977734375 0.78125 0.04140625 0.14305555555555555
0 0.427734375 0.5118055555555555 0.02578125 0.0763888888888889
0 0.510546875 0.6013888888888889 0.05859375 0.044444444444444446
0 0.803515625 0.5590277777777778 0.03828125 0.11805555555555555
0 0.568359375 0.6104166666666667 0.02734375 0.12361111111111112
0 0.639453125 0.4673611111111111 0.05234375 0.10694444444444444
0 0.972265625 0.775 0.03984375 0.13333333333333333
1 0.450390625 0.5861111111111111 0.02578125 0.11388888888888889
0 0.503125 0.6034722222222222 0.0546875 0.04583333333333333
0 0.432421875 0.5173611111111112 0.02578125 0.07916666666666666
0 0.801953125 0.5555555555555556 0.04140625 0.1111111111111111
0 0.9671875 0.7729166666666667 0.04375 0.12916666666666668
0 0.566796875 0.6041666666666666 0.03359375 0.12222222222222222
0 0.627734375 0.4666666666666667 0.03984375 0.10555555555555556
0 0.447265625 0.5868055555555556 0.03359375 0.10972222222222222
0 0.4984375 0.6027777777777777 0.0546875 0.04722222222222222
0 0.957421875 0.7736111111111111 0.04140625 0.12777777777777777
0 0.79140625 0.5506944444444445 0.0265625 0.10416666666666667
0 0.568359375 0.5986111111111111 0.03359375 0.11666666666666667
0 0.624609375 0.46875 0.03203125 0.10416666666666667
0 0.44140625 0.5819444444444445 0.040625 0.10555555555555556
0 0.496484375 0.6069444444444444 0.05078125 0.04722222222222222
