0 0.943359375 0.575 0.01640625 0.08055555555555556
1 0.39765625 0.34791666666666665 0.0171875 0.05138888888888889
0 0.81796875 0.6131944444444445 0.0203125 0.08472222222222223
0 0.74296875 0.3013888888888889 0.015625 0.04722222222222222
0 0.370703125 0.6965277777777777 0.02578125 0.09583333333333334
0 0.9078125 0.38680555555555557 0.0140625 0.059722222222222225
0 0.489453125 0.41458333333333336 0.01796875 0.059722222222222225
0 0.966796875 0.40625 0.01953125 0.05694444444444444
1 0.21484375 0.5270833333333333 0.0203125 0.0763888888888889
0 0.281640625 0.6444444444444445 0.02734375 0.07777777777777778
1 0.3828125 0.5909722222222222 0.0265625 0.0625
0 0.285546875 0.6465277777777778 0.03671875 0.08194444444444444
0 0.21328125 0.525 0.015625 0.06944444444444445
0 0.623046875 0.25833333333333336 0.01171875 0.05
0 0.943359375 0.575 0.01640625 0.08055555555555556
1 0.39765625 0.34791666666666665 0.0171875 0.05138888888888889
0 0.81796875 0.6131944444444445 0.0203125 0.08472222222222223
0 0.370703125 0.6965277777777777 0.02578125 0.09583333333333334
0 0.74296875 0.3013888888888889 0.015625 0.04722222222222222
0 0.9078125 0.38680555555555557 0.0140625 0.059722222222222225
0 0.489453125 0.41458333333333336 0.01796875 0.059722222222222225
1 0.966796875 0.40625 0.01953125 0.05694444444444444
0 0.28125 0.64375 0.0265625 0.0763888888888889
0 0.21484375 0.5270833333333333 0.0203125 0.0763888888888889
0 0.3828125 0.5909722222222222 0.0265625 0.0625
0 0.285546875 0.6465277777777778 0.03671875 0.08194444444444444
1 0.21328125 0.525 0.015625 0.06944444444444445
0 0.623046875 0.25833333333333336 0.01171875 0.05
0 0.943359375 0.575 0.01640625 0.08055555555555556
0 0.39765625 0.34791666666666665 0.0171875 0.05138888888888889
0 0.81796875 0.6131944444444445 0.0203125 0.08472222222222223
0 0.370703125 0.6965277777777777 0.02578125 0.09583333333333334
0 0.74296875 0.3013888888888889 0.015625 0.04722222222222222
1 0.9078125 0.38680555555555557 0.0140625 0.059722222222222225
1 0.489453125 0.41458333333333336 0.01796875 0.059722222222222225
0 0.966796875 0.40625 0.01953125 0.05694444444444444
0 0.28125 0.64375 0.0265625 0.0763888888888889
0 0.21484375 0.5270833333333333 0.0203125 0.0763888888888889
0 0.3828125 0.5909722222222222 0.0265625 0.0625
0 0.285546875 0.6465277777777778 0.03671875 0.08194444444444444
0 0.21328125 0.525 0.015625 0.06944444444444445
1 0.623046875 0.25833333333333336 0.01171875 0.05
0 0.943359375 0.575 0.01640625 0.08055555555555556
0 0.39765625 0.34791666666666665 0.0171875 0.05138888888888889
0 0.81796875 0.6131944444444445 0.0203125 0.08472222222222223
0 0.370703125 0.6965277777777777 0.02578125 0.09583333333333334
0 0.74296875 0.3013888888888889 0.015625 0.04722222222222222
0 0.9078125 0.38680555555555557 0.0140625 0.059722222222222225
0 0.489453125 0.41458333333333336 0.01796875 0.059722222222222225
0 0.966796875 0.40625 0.01953125 0.05694444444444444
0 0.28125 0.64375 0.0265625 0.0763888888888889
0 0.21484375 0.5270833333333333 0.0203125 0.0763888888888889
0 0.3828125 0.5909722222222222 0.0265625 0.0625
0 0.285546875 0.6465277777777778 0.03671875 0.08194444444444444
0 0.21328125 0.525 0.015625 0.06944444444444445
0 0.623046875 0.25833333333333336 0.01171875 0.05
1 0.943359375 0.575 0.01640625 0.08055555555555556
1 0.39765625 0.34791666666666665 0.0171875 0.05138888888888889
1 0.81796875 0.6131944444444445 0.0203125 0.08472222222222223
1 0.370703125 0.6965277777777777 0.02578125 0.09583333333333334
1 0.74296875 0.3013888888888889 0.015625 0.04722222222222222
1 0.9078125 0.38680555555555557 0.0140625 0.059722222222222225
1 0.489453125 0.41458333333333336 0.01796875 0.059722222222222225
1 0.966796875 0.40625 0.01953125 0.05694444444444444
1 0.28125 0.64375 0.0265625 0.0763888888888889
1 0.21484375 0.5270833333333333 0.0203125 0.0763888888888889
1 0.3828125 0.5909722222222222 0.0265625 0.0625
1 0.285546875 0.6465277777777778 0.03671875 0.08194444444444444
1 0.21328125 0.525 0.015625 0.06944444444444445
1 0.623046875 0.25833333333333336 0.01171875 0.05
1 0.943359375 0.575 0.01640625 0.08055555555555556
1 0.39765625 0.34791666666666665 0.0171875 0.05138888888888889
1 0.81796875 0.6131944444444445 0.0203125 0.08472222222222223
1 0.370703125 0.6965277777777777 0.02578125 0.09583333333333334
1 0.74296875 0.3013888888888889 0.015625 0.04722222222222222
1 0.9078125 0.38680555555555557 0.0140625 0.059722222222222225
1 0.489453125 0.41458333333333336 0.01796875 0.059722222222222225
1 0.966796875 0.40625 0.01953125 0.05694444444444444
1 0.28125 0.64375 0.0265625 0.0763888888888889
1 0.21484375 0.5270833333333333 0.0203125 0.0763888888888889
1 0.3828125 0.5909722222222222 0.0265625 0.0625
1 0.285546875 0.6465277777777778 0.03671875 0.08194444444444444
1 0.21328125 0.525 0.015625 0.06944444444444445
1 0.623046875 0.25833333333333336 0.01171875 0.05
1 0.943359375 0.575 0.01640625 0.08055555555555556
1 0.39765625 0.34791666666666665 0.0171875 0.05138888888888889
1 0.81796875 0.6131944444444445 0.0203125 0.08472222222222223
1 0.370703125 0.6965277777777777 0.02578125 0.09583333333333334
1 0.74296875 0.3013888888888889 0.015625 0.04722222222222222
1 0.9078125 0.38680555555555557 0.0140625 0.059722222222222225
1 0.489453125 0.41458333333333336 0.01796875 0.059722222222222225
1 0.966796875 0.40625 0.01953125 0.05694444444444444
1 0.28125 0.64375 0.0265625 0.0763888888888889
1 0.21484375 0.5270833333333333 0.0203125 0.0763888888888889
1 0.3828125 0.5909722222222222 0.0265625 0.0625
1 0.285546875 0.6465277777777778 0.03671875 0.08194444444444444
1 0.21328125 0.525 0.015625 0.06944444444444445
1 0.623046875 0.25833333333333336 0.01171875 0.05
