0 0.943359375 0.575 0.01640625 0.08055555555555556
0 0.39765625 0.34791666666666665 0.0171875 0.05138888888888889
0 0.81796875 0.6131944444444445 0.0203125 0.08472222222222223
0 0.74296875 0.3013888888888889 0.015625 0.04722222222222222
0 0.370703125 0.6965277777777777 0.02578125 0.09583333333333334
0 0.9078125 0.38680555555555557 0.0140625 0.059722222222222225
0 0.489453125 0.41458333333333336 0.01796875 0.059722222222222225
0 0.966796875 0.40625 0.01953125 0.05694444444444444
0 0.21484375 0.5270833333333333 0.0203125 0.0763888888888889
0 0.281640625 0.6444444444444445 0.02734375 0.07777777777777778
0 0.3828125 0.5909722222222222 0.0265625 0.0625
0 0.285546875 0.6465277777777778 0.03671875 0.08194444444444444
0 0.21328125 0.525 0.015625 0.06944444444444445
0 0.623046875 0.25833333333333336 0.01171875 0.05
1 0.943359375 0.575 0.01640625 0.08055555555555556
0 0.39765625 0.34791666666666665 0.0171875 0.05138888888888889
0 0.81796875 0.6131944444444445 0.0203125 0.08472222222222223
0 0.370703125 0.6965277777777777 0.02578125 0.09583333333333334
0 0.74296875 0.3013888888888889 0.015625 0.04722222222222222
0 0.9078125 0.38680555555555557 0.0140625 0.059722222222222225
0 0.489453125 0.41458333333333336 0.01796875 0.059722222222222225
0 0.966796875 0.40625 0.01953125 0.05694444444444444
0 0.28125 0.64375 0.0265625 0.0763888888888889
0 0.21484375 0.5270833333333333 0.0203125 0.0763888888888889
0 0.3828125 0.5909722222222222 0.0265625 0.0625
0 0.285546875 0.6465277777777778 0.03671875 0.08194444444444444
0 0.21328125 0.525 0.015625 0.06944444444444445
0 0.623046875 0.25833333333333336 0.01171875 0.05
0 0.3734375 0.69375 0.0234375 0.09861111111111111
0 0.396484375 0.35 0.01484375 0.05277777777777778
0 0.74296875 0.30277777777777776 0.0203125 0.04722222222222222
0 0.9671875 0.41180555555555554 0.0234375 0.0625
0 0.818359375 0.6166666666666667 0.02578125 0.08333333333333333
0 0.214453125 0.5291666666666667 0.01796875 0.07777777777777778
0 0.9078125 0.38819444444444445 0.0140625 0.06527777777777778
0 0.9421875 0.5722222222222222 0.015625 0.07777777777777778
0 0.283984375 0.6472222222222223 0.04140625 0.08055555555555556
0 0.217578125 0.5291666666666667 0.02578125 0.08333333333333333
1 0.488671875 0.41388888888888886 0.02265625 0.06388888888888888
0 0.38515625 0.5930555555555556 0.021875 0.06111111111111111
0 0.6734375 0.40347222222222223 0.015625 0.05416666666666667
0 0.53203125 0.5270833333333333 0.0140625 0.059722222222222225
1 0.48515625 0.41041666666666665 0.015625 0.05416666666666667
1 0.37421875 0.6902777777777778 0.0234375 0.1
0 0.94140625 0.5736111111111111 0.0203125 0.08055555555555556
0 0.96484375 0.4111111111111111 0.028125 0.06388888888888888
0 0.3953125 0.3506944444444444 0.015625 0.05416666666666667
0 0.741796875 0.3020833333333333 0.01953125 0.04583333333333333
0 0.816796875 0.61875 0.02109375 0.08194444444444444
0 0.214453125 0.5305555555555556 0.02109375 0.08333333333333333
0 0.90546875 0.3875 0.0140625 0.06111111111111111
0 0.27578125 0.6444444444444445 0.021875 0.07222222222222222
0 0.626953125 0.2611111111111111 0.01328125 0.04722222222222222
0 0.672265625 0.4027777777777778 0.01328125 0.05277777777777778
1 0.48359375 0.4131944444444444 0.0203125 0.05694444444444444
0 0.37421875 0.6875 0.0203125 0.09444444444444444
1 0.940234375 0.5784722222222223 0.02578125 0.09861111111111111
0 0.904296875 0.3888888888888889 0.01484375 0.06388888888888888
1 0.81484375 0.6180555555555556 0.0171875 0.07777777777777778
0 0.9609375 0.4131944444444444 0.0296875 0.06805555555555555
0 0.394921875 0.35347222222222224 0.01484375 0.05694444444444444
0 0.7390625 0.30277777777777776 0.015625 0.04722222222222222
0 0.211328125 0.5291666666666667 0.01796875 0.07777777777777778
1 0.62734375 0.26180555555555557 0.015625 0.04861111111111111
0 0.93671875 0.5736111111111111 0.0328125 0.08611111111111111
0 0.37421875 0.6861111111111111 0.0203125 0.09444444444444444
1 0.901953125 0.39375 0.01953125 0.07083333333333333
0 0.812890625 0.6201388888888889 0.01640625 0.08472222222222223
0 0.27734375 0.6506944444444445 0.03125 0.08472222222222223
0 0.95625 0.4131944444444444 0.025 0.06527777777777778
0 0.736328125 0.3055555555555556 0.01328125 0.05
0 0.627734375 0.2625 0.01640625 0.05
0 0.393359375 0.35347222222222224 0.01796875 0.05416666666666667
0 0.513671875 0.7305555555555555 0.02421875 0.08055555555555556
1 0.473046875 0.41458333333333336 0.01796875 0.05416666666666667
0 0.512109375 0.7298611111111111 0.01796875 0.0763888888888889
0 0.209375 0.53125 0.0171875 0.07916666666666666
0 0.93671875 0.5736111111111111 0.0328125 0.08611111111111111
0 0.37421875 0.6861111111111111 0.0203125 0.09444444444444444
0 0.901953125 0.39375 0.01953125 0.07083333333333333
0 0.812890625 0.6201388888888889 0.01640625 0.08472222222222223
0 0.27734375 0.6506944444444445 0.03125 0.08472222222222223
0 0.95625 0.4131944444444444 0.025 0.06527777777777778
0 0.736328125 0.3055555555555556 0.01328125 0.05
0 0.627734375 0.2625 0.01640625 0.05
0 0.393359375 0.35347222222222224 0.01796875 0.05416666666666667
0 0.513671875 0.7305555555555555 0.02421875 0.08055555555555556
1 0.473046875 0.41458333333333336 0.01796875 0.05416666666666667
0 0.512109375 0.7298611111111111 0.01796875 0.0763888888888889
0 0.209375 0.53125 0.0171875 0.07916666666666666
0 0.93671875 0.5736111111111111 0.0328125 0.08611111111111111
0 0.37421875 0.6861111111111111 0.0203125 0.09444444444444444
0 0.901953125 0.39375 0.01953125 0.07083333333333333
0 0.812890625 0.6201388888888889 0.01640625 0.08472222222222223
0 0.27734375 0.6506944444444445 0.03125 0.08472222222222223
0 0.95625 0.4131944444444444 0.025 0.06527777777777778
0 0.736328125 0.3055555555555556 0.01328125 0.05
0 0.627734375 0.2625 0.01640625 0.05
0 0.393359375 0.35347222222222224 0.01796875 0.05416666666666667
0 0.513671875 0.7305555555555555 0.02421875 0.08055555555555556
0 0.473046875 0.41458333333333336 0.01796875 0.05416666666666667
0 0.512109375 0.7298611111111111 0.01796875 0.0763888888888889
0 0.209375 0.53125 0.0171875 0.07916666666666666
1 0.93671875 0.5736111111111111 0.0328125 0.08611111111111111
1 0.37421875 0.6861111111111111 0.0203125 0.09444444444444444
1 0.901953125 0.39375 0.01953125 0.07083333333333333
1 0.812890625 0.6201388888888889 0.01640625 0.08472222222222223
1 0.27734375 0.6506944444444445 0.03125 0.08472222222222223
1 0.95625 0.4131944444444444 0.025 0.06527777777777778
1 0.736328125 0.3055555555555556 0.01328125 0.05
1 0.627734375 0.2625 0.01640625 0.05
1 0.393359375 0.35347222222222224 0.01796875 0.05416666666666667
1 0.513671875 0.7305555555555555 0.02421875 0.08055555555555556
1 0.473046875 0.41458333333333336 0.01796875 0.05416666666666667
1 0.512109375 0.7298611111111111 0.01796875 0.0763888888888889
1 0.209375 0.53125 0.0171875 0.07916666666666666
1 0.93671875 0.5736111111111111 0.0328125 0.08611111111111111
1 0.37421875 0.6861111111111111 0.0203125 0.09444444444444444
1 0.901953125 0.39375 0.01953125 0.07083333333333333
1 0.812890625 0.6201388888888889 0.01640625 0.08472222222222223
1 0.27734375 0.6506944444444445 0.03125 0.08472222222222223
1 0.95625 0.4131944444444444 0.025 0.06527777777777778
1 0.736328125 0.3055555555555556 0.01328125 0.05
1 0.627734375 0.2625 0.01640625 0.05
1 0.393359375 0.35347222222222224 0.01796875 0.05416666666666667
1 0.513671875 0.7305555555555555 0.02421875 0.08055555555555556
1 0.473046875 0.41458333333333336 0.01796875 0.05416666666666667
1 0.512109375 0.7298611111111111 0.01796875 0.0763888888888889
1 0.209375 0.53125 0.0171875 0.07916666666666666
