1 0.943359375 0.575 0.01640625 0.08055555555555556
1 0.39765625 0.34791666666666665 0.0171875 0.05138888888888889
1 0.81796875 0.6131944444444445 0.0203125 0.08472222222222223
1 0.74296875 0.3013888888888889 0.015625 0.04722222222222222
1 0.370703125 0.6965277777777777 0.02578125 0.09583333333333334
1 0.9078125 0.38680555555555557 0.0140625 0.059722222222222225
1 0.489453125 0.41458333333333336 0.01796875 0.059722222222222225
1 0.966796875 0.40625 0.01953125 0.05694444444444444
1 0.21484375 0.5270833333333333 0.0203125 0.0763888888888889
1 0.281640625 0.6444444444444445 0.02734375 0.07777777777777778
1 0.3828125 0.5909722222222222 0.0265625 0.0625
1 0.285546875 0.6465277777777778 0.03671875 0.08194444444444444
1 0.21328125 0.525 0.015625 0.06944444444444445
1 0.623046875 0.25833333333333336 0.01171875 0.05
0 0.943359375 0.575 0.01640625 0.08055555555555556
1 0.39765625 0.34791666666666665 0.0171875 0.05138888888888889
1 0.81796875 0.6131944444444445 0.0203125 0.08472222222222223
1 0.370703125 0.6965277777777777 0.02578125 0.09583333333333334
1 0.74296875 0.3013888888888889 0.015625 0.04722222222222222
1 0.9078125 0.38680555555555557 0.0140625 0.059722222222222225
1 0.489453125 0.41458333333333336 0.01796875 0.059722222222222225
1 0.966796875 0.40625 0.01953125 0.05694444444444444
1 0.28125 0.64375 0.0265625 0.0763888888888889
1 0.21484375 0.5270833333333333 0.0203125 0.0763888888888889
1 0.3828125 0.5909722222222222 0.0265625 0.0625
1 0.285546875 0.6465277777777778 0.03671875 0.08194444444444444
1 0.21328125 0.525 0.015625 0.06944444444444445
1 0.623046875 0.25833333333333336 0.01171875 0.05
1 0.3734375 0.69375 0.0234375 0.09861111111111111
1 0.396484375 0.35 0.01484375 0.05277777777777778
1 0.74296875 0.30277777777777776 0.0203125 0.04722222222222222
1 0.9671875 0.41180555555555554 0.0234375 0.0625
1 0.818359375 0.6166666666666667 0.02578125 0.08333333333333333
1 0.214453125 0.5291666666666667 0.01796875 0.07777777777777778
1 0.9078125 0.38819444444444445 0.0140625 0.06527777777777778
1 0.9421875 0.5722222222222222 0.015625 0.07777777777777778
1 0.283984375 0.6472222222222223 0.04140625 0.08055555555555556
1 0.217578125 0.5291666666666667 0.02578125 0.08333333333333333
0 0.488671875 0.41388888888888886 0.02265625 0.06388888888888888
1 0.38515625 0.5930555555555556 0.021875 0.06111111111111111
1 0.6734375 0.40347222222222223 0.015625 0.05416666666666667
1 0.53203125 0.5270833333333333 0.0140625 0.059722222222222225
0 0.48515625 0.41041666666666665 0.015625 0.05416666666666667
0 0.37421875 0.6902777777777778 0.0234375 0.1
1 0.94140625 0.5736111111111111 0.0203125 0.08055555555555556
1 0.96484375 0.4111111111111111 0.028125 0.06388888888888888
1 0.3953125 0.3506944444444444 0.015625 0.05416666666666667
1 0.741796875 0.3020833333333333 0.01953125 0.04583333333333333
1 0.816796875 0.61875 0.02109375 0.08194444444444444
1 0.214453125 0.5305555555555556 0.02109375 0.08333333333333333
1 0.90546875 0.3875 0.0140625 0.06111111111111111
1 0.27578125 0.6444444444444445 0.021875 0.07222222222222222
1 0.626953125 0.2611111111111111 0.01328125 0.04722222222222222
1 0.672265625 0.4027777777777778 0.01328125 0.05277777777777778
0 0.48359375 0.4131944444444444 0.0203125 0.05694444444444444
1 0.37421875 0.6875 0.0203125 0.09444444444444444
0 0.940234375 0.5784722222222223 0.02578125 0.09861111111111111
1 0.904296875 0.3888888888888889 0.01484375 0.06388888888888888
0 0.81484375 0.6180555555555556 0.0171875 0.07777777777777778
1 0.9609375 0.4131944444444444 0.0296875 0.06805555555555555
1 0.394921875 0.35347222222222224 0.01484375 0.05694444444444444
1 0.7390625 0.30277777777777776 0.015625 0.04722222222222222
1 0.211328125 0.5291666666666667 0.01796875 0.07777777777777778
0 0.62734375 0.26180555555555557 0.015625 0.04861111111111111
1 0.93671875 0.5736111111111111 0.0328125 0.08611111111111111
1 0.37421875 0.6861111111111111 0.0203125 0.09444444444444444
0 0.901953125 0.39375 0.01953125 0.07083333333333333
1 0.812890625 0.6201388888888889 0.01640625 0.08472222222222223
1 0.27734375 0.6506944444444445 0.03125 0.08472222222222223
1 0.95625 0.4131944444444444 0.025 0.06527777777777778
1 0.736328125 0.3055555555555556 0.01328125 0.05
1 0.627734375 0.2625 0.01640625 0.05
1 0.393359375 0.35347222222222224 0.01796875 0.05416666666666667
1 0.513671875 0.7305555555555555 0.02421875 0.08055555555555556
0 0.473046875 0.41458333333333336 0.01796875 0.05416666666666667
1 0.512109375 0.7298611111111111 0.01796875 0.0763888888888889
1 0.209375 0.53125 0.0171875 0.07916666666666666
1 0.734375 0.30694444444444446 0.0109375 0.05
1 0.95390625 0.4152777777777778 0.0234375 0.06388888888888888
0 0.9015625 0.39166666666666666 0.0265625 0.06388888888888888
0 0.372265625 0.6847222222222222 0.02265625 0.08888888888888889
1 0.809765625 0.6173611111111111 0.01484375 0.07361111111111111
0 0.934375 0.5736111111111111 0.034375 0.08333333333333333
1 0.39140625 0.3548611111111111 0.0203125 0.05416666666666667
1 0.27421875 0.6472222222222223 0.025 0.08055555555555556
1 0.667578125 0.4076388888888889 0.01484375 0.05416666666666667
1 0.628515625 0.26319444444444445 0.01796875 0.05138888888888889
1 0.46796875 0.41805555555555557 0.0203125 0.05555555555555555
1 0.523828125 0.5375 0.01796875 0.06388888888888888
1 0.207421875 0.5347222222222222 0.01640625 0.08055555555555556
1 0.734375 0.30694444444444446 0.0109375 0.05
1 0.95390625 0.4152777777777778 0.0234375 0.06388888888888888
0 0.9015625 0.39166666666666666 0.0265625 0.06388888888888888
1 0.372265625 0.6847222222222222 0.02265625 0.08888888888888889
1 0.809765625 0.6173611111111111 0.01484375 0.07361111111111111
1 0.934765625 0.5743055555555555 0.03515625 0.08472222222222223
1 0.39140625 0.3548611111111111 0.0203125 0.05416666666666667
1 0.27421875 0.6472222222222223 0.025 0.08055555555555556
1 0.667578125 0.4076388888888889 0.01484375 0.05416666666666667
0 0.628515625 0.26319444444444445 0.01796875 0.05138888888888889
1 0.46796875 0.41805555555555557 0.0203125 0.05555555555555555
1 0.523828125 0.5375 0.01796875 0.06388888888888888
1 0.207421875 0.5347222222222222 0.01640625 0.08055555555555556
1 0.731640625 0.3076388888888889 0.01015625 0.05138888888888889
1 0.807421875 0.6208333333333333 0.01640625 0.08333333333333333
1 0.5046875 0.7291666666666666 0.01875 0.08611111111111111
1 0.95 0.4173611111111111 0.0171875 0.0625
1 0.931640625 0.5736111111111111 0.02734375 0.08055555555555556
1 0.370703125 0.6861111111111111 0.02578125 0.09166666666666666
1 0.26796875 0.6458333333333334 0.01875 0.08055555555555556
1 0.390234375 0.35694444444444445 0.02265625 0.05277777777777778
1 0.203515625 0.5395833333333333 0.01640625 0.07916666666666666
1 0.5203125 0.5388888888888889 0.01875 0.06666666666666667
1 0.665234375 0.41041666666666665 0.01171875 0.04861111111111111
1 0.3875 0.5979166666666667 0.0203125 0.06527777777777778
1 0.8953125 0.3909722222222222 0.01875 0.05694444444444444
0 0.628125 0.2638888888888889 0.0171875 0.05277777777777778
1 0.80546875 0.6194444444444445 0.01875 0.08055555555555556
0 0.928125 0.5743055555555555 0.0203125 0.07916666666666666
1 0.9453125 0.4173611111111111 0.0140625 0.0625
1 0.265625 0.6472222222222223 0.0171875 0.08055555555555556
1 0.2015625 0.5409722222222222 0.0171875 0.07916666666666666
1 0.369921875 0.6833333333333333 0.02578125 0.09166666666666666
1 0.893359375 0.39166666666666666 0.01484375 0.06111111111111111
1 0.457421875 0.41875 0.02265625 0.05694444444444444
1 0.385546875 0.35555555555555557 0.02109375 0.05555555555555555
1 0.5015625 0.7284722222222222 0.01875 0.0875
1 0.38359375 0.35555555555555557 0.0140625 0.05277777777777778
1 0.729296875 0.30694444444444446 0.01328125 0.04722222222222222
1 0.51796875 0.5381944444444444 0.0234375 0.07083333333333333
1 0.386328125 0.6006944444444444 0.02109375 0.06527777777777778
1 0.516796875 0.5333333333333333 0.01640625 0.06388888888888888
1 0.628125 0.26458333333333334 0.015625 0.05138888888888889
0 0.3703125 0.6819444444444445 0.0265625 0.09444444444444444
1 0.803515625 0.625 0.02265625 0.08611111111111111
1 0.2625 0.6472222222222223 0.01875 0.08055555555555556
1 0.381640625 0.3597222222222222 0.01640625 0.05277777777777778
1 0.7265625 0.3090277777777778 0.0171875 0.04861111111111111
1 0.941015625 0.4201388888888889 0.02109375 0.07083333333333333
1 0.498828125 0.725 0.02109375 0.08888888888888889
1 0.45546875 0.4236111111111111 0.0296875 0.058333333333333334
1 0.19765625 0.5402777777777777 0.01875 0.075
1 0.890625 0.39652777777777776 0.015625 0.05694444444444444
1 0.51484375 0.5381944444444444 0.0203125 0.06527777777777778
1 0.51484375 0.5416666666666666 0.0265625 0.06944444444444445
0 0.62734375 0.2652777777777778 0.0140625 0.05277777777777778
1 0.658984375 0.4076388888888889 0.01171875 0.04861111111111111
1 0.36875 0.6784722222222223 0.0203125 0.09027777777777778
1 0.37734375 0.36527777777777776 0.015625 0.05555555555555555
1 0.510546875 0.5451388888888888 0.02578125 0.06805555555555555
1 0.80078125 0.6291666666666667 0.025 0.09166666666666666
1 0.65703125 0.4125 0.0140625 0.058333333333333334
1 0.49296875 0.7243055555555555 0.0234375 0.0875
1 0.191796875 0.5458333333333333 0.02890625 0.08333333333333333
0 0.88828125 0.4 0.0140625 0.058333333333333334
1 0.258984375 0.6493055555555556 0.01953125 0.08194444444444444
0 0.442578125 0.425 0.01484375 0.05277777777777778
1 0.72109375 0.3090277777777778 0.0140625 0.043055555555555555
1 0.9359375 0.41875 0.01875 0.059722222222222225
1 0.385546875 0.6194444444444445 0.02265625 0.07222222222222222
1 0.194921875 0.5402777777777777 0.01796875 0.075
0 0.3671875 0.6805555555555556 0.0203125 0.09444444444444444
1 0.255859375 0.6513888888888889 0.02109375 0.08055555555555556
1 0.50625 0.5465277777777777 0.0171875 0.06805555555555555
1 0.885546875 0.3993055555555556 0.01328125 0.0625
1 0.1890625 0.5472222222222223 0.034375 0.08333333333333333
1 0.65390625 0.41388888888888886 0.015625 0.05
1 0.373828125 0.36666666666666664 0.01484375 0.05277777777777778
0 0.79765625 0.63125 0.0265625 0.0875
1 0.718359375 0.31180555555555556 0.01640625 0.04583333333333333
1 0.4890625 0.7236111111111111 0.025 0.08055555555555556
1 0.437109375 0.43333333333333335 0.01796875 0.06388888888888888
1 0.93125 0.42083333333333334 0.0203125 0.06666666666666667
1 0.3671875 0.6805555555555556 0.0203125 0.09444444444444444
1 0.255859375 0.6520833333333333 0.02109375 0.08194444444444444
1 0.50625 0.5465277777777777 0.0171875 0.06805555555555555
1 0.88515625 0.3993055555555556 0.0140625 0.0625
1 0.1890625 0.5472222222222223 0.034375 0.08333333333333333
1 0.65390625 0.41388888888888886 0.015625 0.05
1 0.373828125 0.36666666666666664 0.01484375 0.05277777777777778
1 0.79765625 0.63125 0.0265625 0.0875
1 0.718359375 0.31180555555555556 0.01640625 0.04583333333333333
1 0.4890625 0.7236111111111111 0.025 0.08055555555555556
1 0.437109375 0.43333333333333335 0.01796875 0.06388888888888888
1 0.93125 0.42083333333333334 0.0203125 0.06666666666666667
0 0.793359375 0.63125 0.02109375 0.08472222222222223
1 0.187109375 0.55 0.03203125 0.08055555555555556
1 0.365234375 0.6805555555555556 0.02109375 0.09444444444444444
1 0.252734375 0.6548611111111111 0.01953125 0.08472222222222223
1 0.503515625 0.5479166666666667 0.01640625 0.07083333333333333
0 0.43046875 0.43333333333333335 0.0171875 0.06111111111111111
1 0.369140625 0.36736111111111114 0.01796875 0.04861111111111111
1 0.92734375 0.42430555555555555 0.028125 0.07083333333333333
0 0.880859375 0.4 0.01484375 0.06388888888888888
1 0.651171875 0.4152777777777778 0.01640625 0.05
1 0.715234375 0.3138888888888889 0.01796875 0.04722222222222222
1 0.483984375 0.7263888888888889 0.02734375 0.08333333333333333
1 0.912109375 0.5777777777777777 0.01953125 0.08333333333333333
0 0.78984375 0.6347222222222222 0.0171875 0.07777777777777778
1 0.501171875 0.5520833333333334 0.01484375 0.06805555555555555
1 0.87890625 0.4048611111111111 0.01875 0.06805555555555555
1 0.36328125 0.6819444444444445 0.01875 0.09166666666666666
1 0.479296875 0.7270833333333333 0.01953125 0.08194444444444444
1 0.646484375 0.41875 0.01328125 0.05694444444444444
1 0.920703125 0.42569444444444443 0.02421875 0.06527777777777778
1 0.24765625 0.6597222222222222 0.01875 0.08333333333333333
1 0.367578125 0.3701388888888889 0.02265625 0.04861111111111111
1 0.7109375 0.31875 0.0140625 0.04583333333333333
1 0.925 0.4270833333333333 0.034375 0.0625
0 0.788671875 0.6402777777777777 0.01953125 0.08333333333333333
1 0.70625 0.3229166666666667 0.0109375 0.04583333333333333
1 0.497265625 0.5569444444444445 0.01640625 0.07777777777777778
1 0.903515625 0.5798611111111112 0.02734375 0.07916666666666666
1 0.475390625 0.7298611111111111 0.01796875 0.08194444444444444
0 0.876171875 0.40694444444444444 0.02265625 0.06666666666666667
1 0.477734375 0.7305555555555555 0.02421875 0.08611111111111111
1 0.24375 0.6631944444444444 0.025 0.08472222222222223
1 0.902734375 0.5770833333333333 0.01953125 0.07361111111111111
1 0.180859375 0.5541666666666667 0.01953125 0.08055555555555556
1 0.91484375 0.4284722222222222 0.015625 0.059722222222222225
0 0.359765625 0.6819444444444445 0.01953125 0.08333333333333333
0 0.4203125 0.4388888888888889 0.025 0.058333333333333334
1 0.64375 0.42430555555555555 0.0125 0.05416666666666667
0 0.621875 0.2777777777777778 0.0109375 0.05277777777777778
0 0.901171875 0.5819444444444445 0.02890625 0.07777777777777778
1 0.703125 0.3263888888888889 0.0109375 0.04722222222222222
1 0.17734375 0.5555555555555556 0.0171875 0.08333333333333333
1 0.4953125 0.5576388888888889 0.015625 0.07361111111111111
1 0.240625 0.6659722222222222 0.025 0.08194444444444444
0 0.358984375 0.6826388888888889 0.01953125 0.07916666666666666
1 0.78359375 0.6423611111111112 0.0171875 0.08472222222222223
1 0.471484375 0.7319444444444444 0.01953125 0.08333333333333333
1 0.6203125 0.28194444444444444 0.0125 0.05
0 0.408984375 0.43819444444444444 0.01796875 0.05416666666666667
1 0.8703125 0.4076388888888889 0.01875 0.05694444444444444
1 0.35703125 0.3784722222222222 0.0171875 0.05138888888888889
1 0.641015625 0.42777777777777776 0.01171875 0.058333333333333334
1 0.491796875 0.5597222222222222 0.01953125 0.08055555555555556
0 0.3578125 0.6875 0.021875 0.07777777777777778
1 0.465234375 0.7340277777777777 0.01640625 0.08472222222222223
1 0.4015625 0.44305555555555554 0.0171875 0.058333333333333334
1 0.907421875 0.4361111111111111 0.01484375 0.06388888888888888
1 0.61953125 0.2833333333333333 0.0140625 0.05
1 0.637890625 0.42986111111111114 0.01484375 0.05694444444444444
1 0.8953125 0.5819444444444445 0.01875 0.07222222222222222
1 0.238671875 0.6680555555555555 0.02578125 0.08888888888888889
1 0.698828125 0.32708333333333334 0.01484375 0.04583333333333333
1 0.491796875 0.5597222222222222 0.01953125 0.08055555555555556
1 0.3578125 0.6875 0.021875 0.07777777777777778
1 0.465234375 0.7340277777777777 0.01640625 0.08472222222222223
1 0.4015625 0.44305555555555554 0.0171875 0.058333333333333334
1 0.907421875 0.4361111111111111 0.01484375 0.06388888888888888
0 0.61953125 0.2833333333333333 0.0140625 0.05
1 0.238671875 0.6680555555555555 0.02578125 0.08888888888888889
1 0.6375 0.42986111111111114 0.015625 0.05694444444444444
1 0.894921875 0.5819444444444445 0.01796875 0.07222222222222222
1 0.698828125 0.32708333333333334 0.01484375 0.04583333333333333
1 0.892578125 0.5854166666666667 0.01640625 0.07361111111111111
1 0.779296875 0.6444444444444445 0.01640625 0.08333333333333333
1 0.69609375 0.3277777777777778 0.015625 0.044444444444444446
1 0.9046875 0.4388888888888889 0.0125 0.06666666666666667
1 0.46328125 0.7368055555555556 0.021875 0.09027777777777778
1 0.487890625 0.5625 0.02109375 0.07777777777777778
0 0.61875 0.28680555555555554 0.015625 0.05138888888888889
1 0.171875 0.5576388888888889 0.015625 0.07361111111111111
0 0.864453125 0.4166666666666667 0.01953125 0.058333333333333334
1 0.48984375 0.5534722222222223 0.015625 0.059722222222222225
1 0.167578125 0.5604166666666667 0.01796875 0.07916666666666666
1 0.9015625 0.4444444444444444 0.015625 0.06944444444444445
1 0.4859375 0.5638888888888889 0.021875 0.08333333333333333
1 0.631640625 0.4326388888888889 0.01640625 0.05694444444444444
1 0.459765625 0.7395833333333334 0.02421875 0.09027777777777778
1 0.889453125 0.5923611111111111 0.01640625 0.07083333333333333
0 0.776953125 0.65 0.01796875 0.08333333333333333
1 0.235546875 0.6673611111111111 0.02265625 0.08194444444444444
1 0.86171875 0.41875 0.0140625 0.05416666666666667
1 0.69296875 0.33055555555555555 0.0171875 0.041666666666666664
0 0.61875 0.2902777777777778 0.015625 0.05
1 0.3421875 0.3888888888888889 0.0125 0.04722222222222222
1 0.6296875 0.4354166666666667 0.01875 0.05138888888888889
0 0.774609375 0.6541666666666667 0.02265625 0.08333333333333333
1 0.895703125 0.4375 0.01328125 0.05277777777777778
1 0.165234375 0.5625 0.01640625 0.08333333333333333
1 0.88671875 0.5951388888888889 0.015625 0.07916666666666666
1 0.859375 0.41944444444444445 0.0125 0.05555555555555555
1 0.35859375 0.6798611111111111 0.040625 0.10138888888888889
1 0.483984375 0.5673611111111111 0.01640625 0.07916666666666666
1 0.690234375 0.3333333333333333 0.01953125 0.041666666666666664
1 0.233984375 0.6680555555555555 0.01953125 0.08333333333333333
1 0.4546875 0.7381944444444445 0.028125 0.08194444444444444
1 0.6296875 0.44027777777777777 0.021875 0.06388888888888888
1 0.61875 0.2923611111111111 0.0171875 0.04861111111111111
1 0.339453125 0.39166666666666666 0.01640625 0.05
1 0.89375 0.44375 0.01875 0.06527777777777778
1 0.23203125 0.6673611111111111 0.01875 0.08472222222222223
1 0.627734375 0.4375 0.02109375 0.05277777777777778
1 0.482421875 0.5708333333333333 0.01484375 0.08055555555555556
1 0.855859375 0.4201388888888889 0.01171875 0.059722222222222225
0 0.88359375 0.5958333333333333 0.015625 0.08055555555555556
1 0.453125 0.7388888888888889 0.0328125 0.08333333333333333
1 0.687109375 0.3375 0.01640625 0.044444444444444446
0 0.771875 0.6555555555555556 0.0234375 0.08888888888888889
1 0.16328125 0.5652777777777778 0.0203125 0.08333333333333333
1 0.33671875 0.3951388888888889 0.021875 0.05416666666666667
1 0.230078125 0.6694444444444444 0.01796875 0.08888888888888889
1 0.89140625 0.4486111111111111 0.0234375 0.06944444444444445
1 0.4796875 0.5722222222222222 0.0140625 0.08055555555555556
1 0.160546875 0.5659722222222222 0.01796875 0.07916666666666666
1 0.682421875 0.3423611111111111 0.01328125 0.04583333333333333
1 0.854296875 0.4263888888888889 0.01328125 0.06666666666666667
1 0.623046875 0.4395833333333333 0.01484375 0.05416666666666667
1 0.88203125 0.5972222222222222 0.01875 0.08055555555555556
1 0.769140625 0.6590277777777778 0.01796875 0.0875
1 0.45 0.7416666666666667 0.0375 0.08055555555555556
1 0.33046875 0.39791666666666664 0.0171875 0.05416666666666667
0 0.6171875 0.29930555555555555 0.015625 0.04861111111111111
1 0.230078125 0.6694444444444444 0.01796875 0.08888888888888889
1 0.4796875 0.5722222222222222 0.0140625 0.08055555555555556
1 0.89140625 0.4486111111111111 0.0234375 0.06944444444444445
1 0.1609375 0.5659722222222222 0.0203125 0.07916666666666666
0 0.854296875 0.4263888888888889 0.01328125 0.06666666666666667
1 0.623046875 0.4395833333333333 0.01484375 0.05416666666666667
1 0.682421875 0.34305555555555556 0.01328125 0.044444444444444446
1 0.88203125 0.5972222222222222 0.01875 0.08055555555555556
1 0.45 0.7409722222222223 0.0375 0.08194444444444444
1 0.769140625 0.6590277777777778 0.01796875 0.0875
1 0.33046875 0.39791666666666664 0.0171875 0.05416666666666667
1 0.6171875 0.29930555555555555 0.015625 0.04861111111111111
1 0.88828125 0.45069444444444445 0.0296875 0.07083333333333333
1 0.22890625 0.6694444444444444 0.01875 0.08888888888888889
0 0.85234375 0.4284722222222222 0.01875 0.06805555555555555
1 0.87890625 0.5972222222222222 0.0234375 0.08055555555555556
0 0.7671875 0.6618055555555555 0.0171875 0.07916666666666666
1 0.47734375 0.575 0.0140625 0.08055555555555556
1 0.680078125 0.34375 0.01171875 0.04583333333333333
1 0.15859375 0.5666666666666667 0.021875 0.08333333333333333
1 0.44453125 0.7402777777777778 0.025 0.07777777777777778
1 0.621484375 0.44375 0.01328125 0.059722222222222225
1 0.324609375 0.4013888888888889 0.01484375 0.05555555555555555
0 0.61640625 0.3013888888888889 0.0140625 0.04722222222222222
1 0.228125 0.6680555555555555 0.01875 0.08888888888888889
1 0.851171875 0.42986111111111114 0.02421875 0.06527777777777778
0 0.765234375 0.6638888888888889 0.01640625 0.08055555555555556
1 0.156640625 0.5638888888888889 0.01796875 0.08055555555555556
1 0.8765625 0.6 0.0265625 0.08611111111111111
1 0.677734375 0.3458333333333333 0.01171875 0.044444444444444446
1 0.884375 0.4527777777777778 0.0328125 0.06944444444444445
1 0.476171875 0.5770833333333333 0.01484375 0.0763888888888889
1 0.443359375 0.7423611111111111 0.02421875 0.0763888888888889
1 0.619921875 0.4479166666666667 0.01328125 0.059722222222222225
1 0.321875 0.4027777777777778 0.0125 0.05
1 0.157421875 0.5659722222222222 0.02578125 0.08472222222222223
0 0.35625 0.46597222222222223 0.015625 0.0625
1 0.337890625 0.6854166666666667 0.02109375 0.06805555555555555
1 0.226953125 0.6701388888888888 0.01796875 0.0875
1 0.15546875 0.5673611111111111 0.021875 0.08194444444444444
1 0.7625 0.6645833333333333 0.015625 0.08194444444444444
1 0.473828125 0.5791666666666667 0.01953125 0.07777777777777778
1 0.8484375 0.43194444444444446 0.0234375 0.06111111111111111
1 0.31875 0.40694444444444444 0.0140625 0.05555555555555555
1 0.874609375 0.6020833333333333 0.03046875 0.08194444444444444
1 0.617578125 0.45069444444444445 0.01328125 0.0625
1 0.43984375 0.7451388888888889 0.021875 0.08194444444444444
1 0.879296875 0.45208333333333334 0.02109375 0.0625
1 0.676171875 0.3458333333333333 0.01328125 0.044444444444444446
1 0.356640625 0.6763888888888889 0.02109375 0.06111111111111111
1 0.879296875 0.45555555555555555 0.02890625 0.06944444444444445
1 0.439453125 0.7375 0.01796875 0.06666666666666667
1 0.226953125 0.6722222222222223 0.01796875 0.09166666666666666
1 0.15390625 0.5680555555555555 0.01875 0.08055555555555556
1 0.355859375 0.6763888888888889 0.01953125 0.06388888888888888
1 0.473046875 0.5805555555555556 0.02109375 0.07777777777777778
1 0.67265625 0.3472222222222222 0.015625 0.044444444444444446
1 0.316796875 0.41041666666666665 0.01328125 0.05694444444444444
1 0.43828125 0.7451388888888889 0.01875 0.0875
0 0.871484375 0.6006944444444444 0.02109375 0.0763888888888889
0 0.84609375 0.43125 0.015625 0.059722222222222225
1 0.333984375 0.6902777777777778 0.02890625 0.07222222222222222
1 0.8765625 0.4548611111111111 0.01875 0.059722222222222225
1 0.760546875 0.6638888888888889 0.01640625 0.08055555555555556
1 0.615625 0.45069444444444445 0.0125 0.059722222222222225
0 0.34453125 0.46597222222222223 0.015625 0.0625
1 0.2265625 0.6729166666666667 0.0171875 0.09027777777777778
1 0.869140625 0.6027777777777777 0.01640625 0.07222222222222222
1 0.15234375 0.5701388888888889 0.0203125 0.07916666666666666
1 0.47265625 0.5819444444444445 0.01875 0.07777777777777778
1 0.67109375 0.34652777777777777 0.015625 0.043055555555555555
1 0.3296875 0.6888888888888889 0.0234375 0.06666666666666667
1 0.875 0.4576388888888889 0.015625 0.06527777777777778
1 0.8453125 0.43472222222222223 0.0140625 0.06111111111111111
1 0.356640625 0.6791666666666667 0.01796875 0.06944444444444445
1 0.435546875 0.7458333333333333 0.01796875 0.08888888888888889
1 0.614453125 0.4534722222222222 0.01640625 0.059722222222222225
1 0.7609375 0.6701388888888888 0.01875 0.08472222222222223
0 0.2265625 0.6736111111111112 0.0171875 0.08888888888888889
1 0.15234375 0.5701388888888889 0.0203125 0.07916666666666666
0 0.869140625 0.6027777777777777 0.01640625 0.07222222222222222
1 0.47265625 0.5819444444444445 0.01875 0.07777777777777778
1 0.67109375 0.34652777777777777 0.015625 0.043055555555555555
1 0.3296875 0.6888888888888889 0.0234375 0.06666666666666667
1 0.875 0.4576388888888889 0.015625 0.06527777777777778
1 0.8453125 0.4354166666666667 0.0140625 0.0625
1 0.356640625 0.6791666666666667 0.01796875 0.06944444444444445
1 0.435546875 0.7458333333333333 0.01796875 0.08888888888888889
1 0.614453125 0.4534722222222222 0.01640625 0.059722222222222225
1 0.7609375 0.6701388888888888 0.01875 0.08472222222222223
1 0.226171875 0.675 0.01640625 0.09166666666666666
1 0.151171875 0.5708333333333333 0.01796875 0.08055555555555556
0 0.869140625 0.6041666666666666 0.01640625 0.075
1 0.66953125 0.34791666666666665 0.015625 0.04583333333333333
1 0.844921875 0.4395833333333333 0.01171875 0.0625
1 0.472265625 0.5840277777777778 0.01640625 0.0763888888888889
1 0.43515625 0.7444444444444445 0.0171875 0.08611111111111111
1 0.87265625 0.45902777777777776 0.0125 0.059722222222222225
1 0.6140625 0.45416666666666666 0.0171875 0.058333333333333334
1 0.32578125 0.6875 0.025 0.06111111111111111
0 0.33203125 0.47291666666666665 0.0171875 0.059722222222222225
1 0.356640625 0.6868055555555556 0.02109375 0.08472222222222223
1 0.310546875 0.41180555555555554 0.01953125 0.05416666666666667
1 0.844921875 0.4409722222222222 0.01171875 0.06527777777777778
1 0.226171875 0.6743055555555556 0.01640625 0.09305555555555556
1 0.871484375 0.45902777777777776 0.01328125 0.059722222222222225
1 0.668359375 0.34930555555555554 0.01484375 0.04583333333333333
1 0.472265625 0.5840277777777778 0.01484375 0.0763888888888889
1 0.869140625 0.6083333333333333 0.01484375 0.08055555555555556
1 0.358203125 0.6875 0.02109375 0.08611111111111111
1 0.43359375 0.7451388888888889 0.0203125 0.08472222222222223
1 0.149609375 0.56875 0.01640625 0.0763888888888889
1 0.612890625 0.4548611111111111 0.01953125 0.0625
1 0.360546875 0.6875 0.01796875 0.08611111111111111
1 0.471875 0.5847222222222223 0.0125 0.07222222222222222
0 0.226171875 0.675 0.01796875 0.09444444444444444
1 0.871875 0.45902777777777776 0.0125 0.059722222222222225
1 0.667578125 0.35208333333333336 0.01328125 0.04583333333333333
1 0.84609375 0.44027777777777777 0.0125 0.058333333333333334
1 0.4328125 0.7465277777777778 0.0203125 0.08194444444444444
1 0.319140625 0.6909722222222222 0.02421875 0.07361111111111111
0 0.14921875 0.5680555555555555 0.0171875 0.07777777777777778
1 0.30390625 0.4131944444444444 0.021875 0.05416666666666667
1 0.2265625 0.6736111111111112 0.01875 0.09444444444444444
1 0.471484375 0.5888888888888889 0.01328125 0.07222222222222222
1 0.872265625 0.46111111111111114 0.01484375 0.06111111111111111
1 0.3171875 0.6944444444444444 0.021875 0.07777777777777778
1 0.362109375 0.69375 0.01796875 0.09027777777777778
1 0.870703125 0.6111111111111112 0.01640625 0.08333333333333333
0 0.14765625 0.5645833333333333 0.015625 0.0763888888888889
1 0.6671875 0.35555555555555557 0.0125 0.05
1 0.319140625 0.4826388888888889 0.01640625 0.0625
1 0.848046875 0.44305555555555554 0.01484375 0.06111111111111111
1 0.6125 0.4576388888888889 0.015625 0.05694444444444444
1 0.432421875 0.7486111111111111 0.02109375 0.08333333333333333
1 0.226953125 0.6722222222222223 0.01953125 0.09166666666666666
1 0.87578125 0.4652777777777778 0.0203125 0.06666666666666667
1 0.873046875 0.6097222222222223 0.02109375 0.08055555555555556
1 0.849609375 0.44375 0.01796875 0.0625
1 0.146484375 0.5645833333333333 0.01484375 0.0763888888888889
1 0.6671875 0.35694444444444445 0.0125 0.04722222222222222
1 0.365625 0.6972222222222222 0.015625 0.09166666666666666
1 0.472265625 0.5902777777777778 0.01328125 0.07222222222222222
1 0.764453125 0.6854166666666667 0.01953125 0.08194444444444444
1 0.315234375 0.6965277777777777 0.02265625 0.07916666666666666
1 0.87734375 0.4666666666666667 0.028125 0.06944444444444445
1 0.315625 0.4847222222222222 0.0140625 0.06944444444444445
1 0.432421875 0.7506944444444444 0.01953125 0.08472222222222223
1 0.298046875 0.4173611111111111 0.01484375 0.05416666666666667
1 0.226953125 0.6729166666666667 0.01953125 0.09027777777777778
1 0.87578125 0.4652777777777778 0.0203125 0.06666666666666667
0 0.873046875 0.6097222222222223 0.02109375 0.08055555555555556
1 0.849609375 0.44375 0.01796875 0.0625
0 0.146484375 0.5638888888888889 0.01484375 0.075
1 0.6671875 0.3576388888888889 0.0125 0.04861111111111111
1 0.366015625 0.6972222222222222 0.01640625 0.09166666666666666
1 0.472265625 0.5902777777777778 0.01328125 0.07222222222222222
0 0.315234375 0.6965277777777777 0.02265625 0.07916666666666666
0 0.764453125 0.6854166666666667 0.01953125 0.08194444444444444
1 0.87734375 0.4666666666666667 0.028125 0.06944444444444445
1 0.315625 0.4847222222222222 0.0140625 0.06944444444444445
1 0.432421875 0.7506944444444444 0.01953125 0.08472222222222223
1 0.228125 0.6736111111111112 0.01875 0.09166666666666666
1 0.875 0.4666666666666667 0.025 0.07222222222222222
0 0.851953125 0.4444444444444444 0.02109375 0.06388888888888888
1 0.87578125 0.6138888888888889 0.028125 0.08333333333333333
1 0.368359375 0.7 0.01484375 0.09166666666666666
1 0.4734375 0.5944444444444444 0.015625 0.07777777777777778
1 0.668359375 0.35694444444444445 0.01328125 0.044444444444444446
1 0.7671875 0.6868055555555556 0.01875 0.08472222222222223
1 0.147265625 0.5645833333333333 0.01484375 0.0763888888888889
1 0.4328125 0.7555555555555555 0.01875 0.08888888888888889
1 0.31484375 0.6986111111111111 0.0234375 0.08055555555555556
1 0.853515625 0.44513888888888886 0.01796875 0.06527777777777778
0 0.22890625 0.6743055555555556 0.01875 0.09305555555555556
1 0.669921875 0.35694444444444445 0.01484375 0.044444444444444446
1 0.371875 0.7034722222222223 0.015625 0.09027777777777778
1 0.146875 0.5631944444444444 0.015625 0.07361111111111111
1 0.4328125 0.75625 0.0171875 0.09027777777777778
1 0.877734375 0.6152777777777778 0.02265625 0.07777777777777778
1 0.4765625 0.5972222222222222 0.021875 0.08333333333333333
0 0.76796875 0.6833333333333333 0.0140625 0.07777777777777778
1 0.87578125 0.4673611111111111 0.0265625 0.0763888888888889
1 0.875390625 0.4638888888888889 0.01640625 0.06111111111111111
1 0.61640625 0.46319444444444446 0.0140625 0.059722222222222225
1 0.23125 0.6736111111111112 0.0203125 0.09444444444444444
1 0.67421875 0.3590277777777778 0.0234375 0.04583333333333333
0 0.857421875 0.44930555555555557 0.01328125 0.0625
1 0.61875 0.4652777777777778 0.015625 0.06388888888888888
1 0.479296875 0.5993055555555555 0.02421875 0.08472222222222223
1 0.374609375 0.7041666666666667 0.01796875 0.09166666666666666
1 0.1484375 0.5611111111111111 0.0171875 0.075
1 0.878125 0.46805555555555556 0.0140625 0.06111111111111111
1 0.433984375 0.75625 0.01796875 0.0875
1 0.771484375 0.6916666666666667 0.01640625 0.08611111111111111
1 0.88046875 0.6166666666666667 0.021875 0.07777777777777778
1 0.292578125 0.41805555555555557 0.01328125 0.05277777777777778
1 0.234765625 0.6736111111111112 0.01953125 0.08888888888888889
1 0.7765625 0.6979166666666666 0.0203125 0.09027777777777778
1 0.148828125 0.5611111111111111 0.01796875 0.075
1 0.673046875 0.35555555555555557 0.01640625 0.044444444444444446
1 0.3796875 0.7048611111111112 0.0171875 0.09583333333333334
1 0.881640625 0.475 0.01328125 0.06388888888888888
1 0.43671875 0.7576388888888889 0.0203125 0.0875
1 0.675 0.35694444444444445 0.021875 0.04722222222222222
1 0.88359375 0.6138888888888889 0.0140625 0.06666666666666667
1 0.48125 0.6006944444444444 0.0265625 0.08194444444444444
1 0.861328125 0.4548611111111111 0.01484375 0.059722222222222225
0 0.861328125 0.44930555555555557 0.01171875 0.05416666666666667
1 0.622265625 0.4673611111111111 0.01796875 0.0625
1 0.6265625 0.3194444444444444 0.0203125 0.041666666666666664
1 0.23828125 0.6763888888888889 0.0203125 0.09166666666666666
1 0.780078125 0.7013888888888888 0.02265625 0.09166666666666666
1 0.88984375 0.6256944444444444 0.01875 0.07916666666666666
1 0.151171875 0.5625 0.02109375 0.07777777777777778
1 0.676171875 0.36180555555555555 0.01796875 0.04583333333333333
1 0.867578125 0.4548611111111111 0.01328125 0.0625
1 0.4390625 0.7569444444444444 0.01875 0.08611111111111111
1 0.62578125 0.46875 0.021875 0.06527777777777778
1 0.88671875 0.47847222222222224 0.015625 0.06527777777777778
1 0.384765625 0.7055555555555556 0.01640625 0.09444444444444444
1 0.48125 0.5951388888888889 0.015625 0.0763888888888889
1 0.484765625 0.5993055555555555 0.02421875 0.07916666666666666
1 0.624609375 0.4666666666666667 0.01640625 0.06111111111111111
1 0.23828125 0.6763888888888889 0.0203125 0.09166666666666666
1 0.780078125 0.7013888888888888 0.02265625 0.09166666666666666
1 0.15078125 0.5611111111111111 0.01875 0.07777777777777778
1 0.88984375 0.6256944444444444 0.01875 0.07916666666666666
1 0.676171875 0.3611111111111111 0.01796875 0.04722222222222222
1 0.867578125 0.4548611111111111 0.01328125 0.0625
1 0.4390625 0.7569444444444444 0.01875 0.08611111111111111
1 0.62578125 0.46875 0.021875 0.06527777777777778
1 0.88671875 0.47847222222222224 0.015625 0.06527777777777778
1 0.384765625 0.7055555555555556 0.01640625 0.09444444444444444
1 0.48125 0.5951388888888889 0.015625 0.0763888888888889
1 0.484765625 0.5993055555555555 0.02421875 0.07916666666666666
1 0.624609375 0.4666666666666667 0.01640625 0.06111111111111111
1 0.24140625 0.6784722222222223 0.0203125 0.09027777777777778
1 0.152734375 0.5604166666666667 0.01796875 0.07361111111111111
1 0.89375 0.6298611111111111 0.0171875 0.08472222222222223
1 0.679296875 0.3638888888888889 0.01328125 0.04722222222222222
1 0.8921875 0.48055555555555557 0.015625 0.06666666666666667
1 0.390625 0.7048611111111112 0.0171875 0.10138888888888889
1 0.44140625 0.7548611111111111 0.0234375 0.07916666666666666
1 0.48359375 0.5951388888888889 0.0125 0.06527777777777778
0 0.305859375 0.4930555555555556 0.02109375 0.058333333333333334
1 0.244921875 0.6791666666666667 0.01953125 0.08888888888888889
1 0.680859375 0.3659722222222222 0.01171875 0.04583333333333333
1 0.15546875 0.5597222222222222 0.0171875 0.075
1 0.896484375 0.48194444444444445 0.01484375 0.06666666666666667
1 0.896484375 0.4847222222222222 0.01953125 0.07777777777777778
1 0.877734375 0.4583333333333333 0.01484375 0.06666666666666667
1 0.488671875 0.6048611111111111 0.01640625 0.07916666666666666
1 0.899609375 0.6333333333333333 0.01796875 0.08611111111111111
1 0.791015625 0.7090277777777778 0.02421875 0.0875
1 0.39609375 0.7048611111111112 0.015625 0.09861111111111111
1 0.30703125 0.70625 0.025 0.0875
1 0.632421875 0.4722222222222222 0.01640625 0.06388888888888888
1 0.4453125 0.7611111111111111 0.028125 0.08888888888888889
1 0.40234375 0.7055555555555556 0.0171875 0.10277777777777777
1 0.491796875 0.60625 0.01484375 0.07916666666666666
1 0.16015625 0.5604166666666667 0.015625 0.07361111111111111
1 0.902734375 0.48680555555555555 0.01640625 0.07083333333333333
1 0.25078125 0.6833333333333333 0.025 0.08888888888888889
1 0.905859375 0.6326388888888889 0.01953125 0.0875
1 0.451171875 0.7631944444444444 0.02578125 0.0875
1 0.79453125 0.7125 0.0171875 0.08888888888888889
1 0.30625 0.7083333333333334 0.025 0.08333333333333333
1 0.24765625 0.6798611111111111 0.01875 0.08472222222222223
1 0.308203125 0.4979166666666667 0.01484375 0.06527777777777778
0 0.88515625 0.4638888888888889 0.0171875 0.06944444444444445
1 0.294140625 0.43472222222222223 0.01796875 0.058333333333333334
1 0.684765625 0.36527777777777776 0.01171875 0.03888888888888889
1 0.44921875 0.7583333333333333 0.01875 0.08055555555555556
1 0.63671875 0.47708333333333336 0.0140625 0.059722222222222225
1 0.1640625 0.5625 0.0171875 0.08055555555555556
1 0.690234375 0.36875 0.01640625 0.04583333333333333
1 0.49609375 0.6090277777777777 0.0171875 0.08194444444444444
1 0.9109375 0.49027777777777776 0.025 0.075
0 0.253125 0.6833333333333333 0.0234375 0.08333333333333333
0 0.8015625 0.7208333333333333 0.01875 0.08888888888888889
1 0.455859375 0.7680555555555556 0.02578125 0.08611111111111111
1 0.91328125 0.6368055555555555 0.0234375 0.09027777777777778
1 0.891015625 0.4618055555555556 0.01640625 0.0625
1 0.409375 0.7048611111111112 0.0171875 0.09861111111111111
1 0.64140625 0.47708333333333336 0.0140625 0.059722222222222225
1 0.308984375 0.4979166666666667 0.01640625 0.059722222222222225
0 0.30703125 0.7090277777777778 0.028125 0.08472222222222223
1 0.29609375 0.43680555555555556 0.0125 0.05694444444444444
1 0.30625 0.6979166666666666 0.0234375 0.05694444444444444
1 0.256640625 0.6840277777777778 0.02578125 0.08472222222222223
1 0.807421875 0.7229166666666667 0.01796875 0.09027777777777778
1 0.168359375 0.5638888888888889 0.01640625 0.08611111111111111
1 0.41640625 0.70625 0.0171875 0.10416666666666667
1 0.501171875 0.6090277777777777 0.01796875 0.08194444444444444
1 0.6953125 0.3701388888888889 0.01875 0.04583333333333333
1 0.646484375 0.4756944444444444 0.01328125 0.05694444444444444
1 0.916796875 0.49166666666666664 0.02265625 0.07222222222222222
1 0.460546875 0.7701388888888889 0.02265625 0.0875
1 0.898046875 0.4701388888888889 0.02109375 0.07083333333333333
1 0.920703125 0.6375 0.02890625 0.09166666666666666
1 0.309765625 0.5 0.01953125 0.058333333333333334
0 0.256640625 0.6840277777777778 0.02578125 0.08472222222222223
1 0.807421875 0.7229166666666667 0.01796875 0.09027777777777778
1 0.168359375 0.5638888888888889 0.01640625 0.08611111111111111
1 0.41640625 0.70625 0.0171875 0.10416666666666667
1 0.501171875 0.6090277777777777 0.01796875 0.08194444444444444
1 0.695703125 0.3701388888888889 0.01953125 0.04583333333333333
1 0.646484375 0.4756944444444444 0.01328125 0.05694444444444444
1 0.9171875 0.49166666666666664 0.0234375 0.07222222222222222
1 0.460546875 0.7701388888888889 0.02265625 0.0875
1 0.898046875 0.4701388888888889 0.02109375 0.07083333333333333
1 0.920703125 0.6375 0.02890625 0.09166666666666666
1 0.309765625 0.5 0.01953125 0.058333333333333334
1 0.81484375 0.7284722222222222 0.0171875 0.09305555555555556
1 0.46484375 0.7722222222222223 0.0203125 0.08888888888888889
1 0.928515625 0.6402777777777777 0.03046875 0.08611111111111111
1 0.507421875 0.6118055555555556 0.02421875 0.08472222222222223
1 0.925 0.4965277777777778 0.034375 0.07361111111111111
1 0.262109375 0.6847222222222222 0.02890625 0.08611111111111111
1 0.312890625 0.7083333333333334 0.03828125 0.09166666666666666
1 0.70234375 0.36944444444444446 0.0234375 0.04722222222222222
1 0.42421875 0.7083333333333334 0.0171875 0.1
1 0.1734375 0.5590277777777778 0.015625 0.0763888888888889
1 0.308203125 0.7027777777777777 0.02734375 0.07777777777777778
1 0.26484375 0.6861111111111111 0.0265625 0.08333333333333333
0 0.17890625 0.5597222222222222 0.0171875 0.08055555555555556
1 0.512890625 0.6118055555555556 0.02265625 0.08194444444444444
1 0.937890625 0.6451388888888889 0.03203125 0.09027777777777778
1 0.8234375 0.73125 0.0203125 0.09305555555555556
1 0.70546875 0.37083333333333335 0.0171875 0.04722222222222222
0 0.307421875 0.7048611111111112 0.02578125 0.08472222222222223
0 0.313671875 0.7055555555555556 0.03671875 0.08333333333333333
1 0.659375 0.48125 0.0140625 0.05694444444444444
1 0.470703125 0.775 0.01796875 0.09166666666666666
1 0.432421875 0.7104166666666667 0.01640625 0.10138888888888889
1 0.930859375 0.49375 0.02109375 0.07083333333333333
1 0.66015625 0.4826388888888889 0.0171875 0.0625
0 0.9328125 0.4951388888888889 0.0328125 0.0763888888888889
1 0.309375 0.7083333333333334 0.021875 0.08888888888888889
1 0.833203125 0.7340277777777777 0.02421875 0.09861111111111111
1 0.476953125 0.7770833333333333 0.02109375 0.09305555555555556
1 0.269921875 0.6819444444444445 0.02578125 0.08888888888888889
1 0.5171875 0.6097222222222223 0.0171875 0.07777777777777778
1 0.441015625 0.7145833333333333 0.01796875 0.09305555555555556
1 0.185546875 0.5548611111111111 0.01953125 0.07361111111111111
1 0.94765625 0.6506944444444445 0.0234375 0.08472222222222223
1 0.5203125 0.6138888888888889 0.0234375 0.08333333333333333
1 0.8421875 0.7381944444444445 0.0265625 0.09583333333333334
1 0.956640625 0.6541666666666667 0.02109375 0.09166666666666666
1 0.52421875 0.6159722222222223 0.01875 0.07916666666666666
0 0.19140625 0.5520833333333334 0.0171875 0.07361111111111111
1 0.717578125 0.37569444444444444 0.01328125 0.04583333333333333
1 0.484765625 0.7777777777777778 0.01953125 0.09166666666666666
1 0.45 0.71875 0.01875 0.09583333333333334
1 0.312109375 0.7083333333333334 0.02265625 0.08055555555555556
1 0.275 0.68125 0.0234375 0.09027777777777778
1 0.310546875 0.44166666666666665 0.02109375 0.06388888888888888
1 0.198828125 0.5513888888888889 0.01796875 0.075
0 0.966015625 0.6576388888888889 0.01796875 0.09027777777777778
1 0.8515625 0.7409722222222223 0.028125 0.09583333333333334
1 0.530078125 0.6152777777777778 0.01484375 0.07777777777777778
0 0.316015625 0.7111111111111111 0.02421875 0.08611111111111111
1 0.28125 0.6784722222222223 0.0234375 0.09027777777777778
1 0.491796875 0.7763888888888889 0.02109375 0.09166666666666666
1 0.198828125 0.5513888888888889 0.01796875 0.075
0 0.966015625 0.6576388888888889 0.01796875 0.09027777777777778
1 0.530078125 0.6152777777777778 0.01484375 0.07777777777777778
1 0.8515625 0.7409722222222223 0.028125 0.09583333333333334
1 0.316015625 0.7111111111111111 0.02421875 0.08611111111111111
1 0.28125 0.6791666666666667 0.0234375 0.09166666666666666
1 0.491796875 0.7763888888888889 0.02109375 0.09166666666666666
1 0.5 0.7777777777777778 0.021875 0.09166666666666666
1 0.5375 0.6180555555555556 0.015625 0.08055555555555556
1 0.2875 0.6743055555555556 0.0203125 0.0763888888888889
1 0.20546875 0.5520833333333334 0.0203125 0.07916666666666666
1 0.976953125 0.6611111111111111 0.01953125 0.09166666666666666
1 0.86328125 0.7465277777777778 0.028125 0.09305555555555556
1 0.31953125 0.4409722222222222 0.015625 0.05694444444444444
1 0.21484375 0.5486111111111112 0.0203125 0.07777777777777778
1 0.54609375 0.61875 0.0203125 0.08472222222222223
1 0.478515625 0.7229166666666667 0.01953125 0.09305555555555556
1 0.509375 0.7805555555555556 0.0203125 0.09166666666666666
1 0.870703125 0.7493055555555556 0.02109375 0.09583333333333334
0 0.337109375 0.50625 0.02734375 0.06527777777777778
1 0.96953125 0.4895833333333333 0.0234375 0.08472222222222223
1 0.9890625 0.6652777777777777 0.0203125 0.08888888888888889
1 0.32734375 0.44583333333333336 0.025 0.06944444444444445
1 0.971875 0.49444444444444446 0.0296875 0.09166666666666666
1 0.29921875 0.675 0.03125 0.08611111111111111
1 0.5171875 0.7805555555555556 0.01875 0.09166666666666666
1 0.553515625 0.6194444444444445 0.02265625 0.08611111111111111
1 0.31953125 0.6909722222222222 0.0546875 0.11527777777777778
1 0.223828125 0.5402777777777777 0.01796875 0.07222222222222222
1 0.883203125 0.7520833333333333 0.02109375 0.09583333333333334
1 0.747265625 0.37430555555555556 0.01953125 0.043055555555555555
1 0.34375 0.5069444444444444 0.0265625 0.06388888888888888
0 0.3234375 0.6923611111111111 0.0453125 0.1125
1 0.52578125 0.7819444444444444 0.0171875 0.08611111111111111
1 0.562109375 0.6194444444444445 0.02578125 0.08888888888888889
1 0.233203125 0.5395833333333333 0.01640625 0.0763888888888889
1 0.3515625 0.5055555555555555 0.025 0.06666666666666667
1 0.3375 0.44513888888888886 0.0125 0.0625
1 0.716015625 0.48680555555555555 0.01640625 0.05694444444444444
1 0.498828125 0.7256944444444444 0.01953125 0.09583333333333334
1 0.326171875 0.6923611111111111 0.03515625 0.11527777777777778
1 0.242578125 0.5361111111111111 0.01796875 0.075
1 0.570703125 0.6173611111111111 0.02578125 0.0875
1 0.344921875 0.44305555555555554 0.01484375 0.06666666666666667
1 0.534375 0.7840277777777778 0.0171875 0.0875
1 0.326171875 0.6923611111111111 0.03515625 0.11527777777777778
1 0.242578125 0.5361111111111111 0.01796875 0.075
1 0.570703125 0.6173611111111111 0.02578125 0.0875
1 0.344921875 0.44305555555555554 0.01484375 0.06666666666666667
1 0.534375 0.7847222222222222 0.0171875 0.08888888888888889
1 0.3296875 0.6916666666666667 0.025 0.11944444444444445
1 0.252734375 0.5340277777777778 0.01796875 0.07083333333333333
1 0.351171875 0.44305555555555554 0.01640625 0.06944444444444445
1 0.544140625 0.7854166666666667 0.02109375 0.09583333333333334
1 0.57890625 0.6180555555555556 0.021875 0.08333333333333333
1 0.918359375 0.7625 0.02265625 0.09722222222222222
1 0.336328125 0.6916666666666667 0.02421875 0.12222222222222222
1 0.5546875 0.7868055555555555 0.021875 0.09305555555555556
1 0.262890625 0.5305555555555556 0.02109375 0.07222222222222222
1 0.35625 0.44027777777777777 0.021875 0.07222222222222222
1 0.377734375 0.5020833333333333 0.01953125 0.06527777777777778
1 0.587890625 0.6166666666666667 0.01796875 0.07777777777777778
1 0.541796875 0.7145833333333333 0.01640625 0.08472222222222223
1 0.564453125 0.7868055555555555 0.02578125 0.09305555555555556
0 0.340625 0.6798611111111111 0.025 0.10416666666666667
1 0.36484375 0.4388888888888889 0.021875 0.06388888888888888
1 0.27265625 0.5256944444444445 0.0203125 0.059722222222222225
1 0.596875 0.61875 0.0171875 0.08194444444444444
0 0.34921875 0.6847222222222222 0.0375 0.11666666666666667
1 0.604296875 0.6131944444444445 0.01640625 0.07361111111111111
1 0.551953125 0.7166666666666667 0.01796875 0.09166666666666666
1 0.28203125 0.5263888888888889 0.0234375 0.06388888888888888
1 0.369140625 0.43819444444444444 0.01953125 0.0625
1 0.573046875 0.7881944444444444 0.02890625 0.09027777777777778
1 0.37109375 0.4409722222222222 0.028125 0.06805555555555555
1 0.95703125 0.7743055555555556 0.03125 0.10416666666666667
1 0.76796875 0.49375 0.015625 0.06805555555555555
0 0.40546875 0.5041666666666667 0.021875 0.06944444444444445
1 0.2921875 0.5284722222222222 0.021875 0.06527777777777778
1 0.3546875 0.6770833333333334 0.0375 0.10416666666666667
1 0.583203125 0.7875 0.02734375 0.09444444444444444
1 0.6140625 0.6180555555555556 0.0171875 0.08333333333333333
1 0.562109375 0.70625 0.01796875 0.06805555555555555
1 0.37890625 0.44305555555555554 0.021875 0.07222222222222222
1 0.777734375 0.49583333333333335 0.01484375 0.06666666666666667
1 0.349609375 0.6798611111111111 0.02890625 0.0875
0 0.40546875 0.5041666666666667 0.021875 0.06944444444444445
1 0.2921875 0.5284722222222222 0.021875 0.06527777777777778
1 0.3546875 0.6770833333333334 0.0375 0.10416666666666667
1 0.583203125 0.7875 0.02734375 0.09444444444444444
1 0.6140625 0.6180555555555556 0.0171875 0.08333333333333333
1 0.562109375 0.70625 0.01796875 0.06805555555555555
1 0.37890625 0.44305555555555554 0.021875 0.07222222222222222
1 0.777734375 0.49583333333333335 0.01484375 0.06666666666666667
1 0.349609375 0.6798611111111111 0.02890625 0.0875
1 0.362109375 0.6777777777777778 0.04609375 0.1111111111111111
1 0.302734375 0.5270833333333333 0.02265625 0.06805555555555555
1 0.62265625 0.6180555555555556 0.021875 0.08888888888888889
1 0.383203125 0.44027777777777777 0.01640625 0.075
1 0.5921875 0.7770833333333333 0.0203125 0.06805555555555555
1 0.41484375 0.5020833333333333 0.01875 0.07361111111111111
1 0.602734375 0.7923611111111111 0.02421875 0.09027777777777778
1 0.390234375 0.4395833333333333 0.01484375 0.07361111111111111
1 0.630859375 0.6194444444444445 0.02734375 0.09166666666666666
1 0.35234375 0.6854166666666667 0.01875 0.09861111111111111
1 0.423046875 0.5027777777777778 0.01953125 0.08055555555555556
1 0.36796875 0.6784722222222223 0.0484375 0.1125
1 0.3109375 0.5256944444444445 0.0203125 0.07083333333333333
1 0.7984375 0.4951388888888889 0.01875 0.06527777777777778
1 0.82421875 0.37569444444444444 0.0171875 0.04583333333333333
1 0.582421875 0.7152777777777778 0.01796875 0.09166666666666666
1 0.37578125 0.6625 0.028125 0.08333333333333333
1 0.35859375 0.6861111111111111 0.021875 0.10277777777777777
1 0.38046875 0.6652777777777777 0.028125 0.09444444444444444
0 0.31875 0.5229166666666667 0.0203125 0.07361111111111111
1 0.639453125 0.61875 0.02734375 0.09027777777777778
1 0.39765625 0.43680555555555556 0.0140625 0.07083333333333333
1 0.808203125 0.49583333333333335 0.02421875 0.075
1 0.612109375 0.7944444444444444 0.02578125 0.09166666666666666
0 0.432421875 0.4979166666666667 0.01796875 0.0763888888888889
1 0.591796875 0.7152777777777778 0.01953125 0.09166666666666666
1 0.386328125 0.6618055555555555 0.02578125 0.09305555555555556
0 0.43984375 0.4965277777777778 0.01875 0.07916666666666666
1 0.32734375 0.5208333333333334 0.0203125 0.075
1 0.36328125 0.6840277777777778 0.028125 0.10138888888888889
1 0.816796875 0.4951388888888889 0.02265625 0.07083333333333333
1 0.644921875 0.6180555555555556 0.02109375 0.08888888888888889
1 0.61875 0.7972222222222223 0.0234375 0.09166666666666666
1 0.364453125 0.6791666666666667 0.03046875 0.09166666666666666
1 0.392578125 0.6583333333333333 0.02890625 0.09722222222222222
1 0.65390625 0.6152777777777778 0.0203125 0.08055555555555556
1 0.33515625 0.5208333333333334 0.0203125 0.07222222222222222
1 0.44609375 0.5006944444444444 0.01875 0.08472222222222223
1 0.62578125 0.7986111111111112 0.021875 0.1
1 0.406640625 0.4340277777777778 0.02578125 0.0763888888888889
1 0.824609375 0.49375 0.02109375 0.06805555555555555
1 0.844921875 0.3736111111111111 0.01640625 0.05277777777777778
1 0.364453125 0.6791666666666667 0.03046875 0.09166666666666666
1 0.392578125 0.6583333333333333 0.02890625 0.09722222222222222
1 0.65390625 0.6152777777777778 0.0203125 0.08055555555555556
1 0.33515625 0.5208333333333334 0.0203125 0.07222222222222222
1 0.44609375 0.5006944444444444 0.01875 0.08472222222222223
1 0.62578125 0.7986111111111112 0.021875 0.1
1 0.406640625 0.4340277777777778 0.02578125 0.0763888888888889
1 0.824609375 0.49375 0.02109375 0.06805555555555555
1 0.844921875 0.3736111111111111 0.01640625 0.05277777777777778
1 0.365625 0.675 0.0328125 0.08888888888888889
0 0.45390625 0.5006944444444444 0.021875 0.0875
1 0.398828125 0.6583333333333333 0.03359375 0.09722222222222222
1 0.343359375 0.5159722222222223 0.02109375 0.06527777777777778
1 0.853125 0.3763888888888889 0.0203125 0.05555555555555555
1 0.66015625 0.6166666666666667 0.0171875 0.075
1 0.416015625 0.4270833333333333 0.02265625 0.06805555555555555
1 0.402734375 0.6590277777777778 0.02890625 0.09027777777777778
1 0.366015625 0.6708333333333333 0.02734375 0.08611111111111111
1 0.46171875 0.5027777777777778 0.0234375 0.08333333333333333
1 0.350390625 0.5152777777777777 0.02578125 0.06944444444444445
1 0.841015625 0.5006944444444444 0.01640625 0.07083333333333333
1 0.419140625 0.42986111111111114 0.02109375 0.07083333333333333
1 0.858203125 0.3736111111111111 0.01796875 0.05
1 0.6671875 0.6256944444444444 0.0171875 0.09305555555555556
1 0.419921875 0.43333333333333335 0.02734375 0.075
1 0.366796875 0.6708333333333333 0.02421875 0.09166666666666666
1 0.407421875 0.65625 0.02890625 0.09027777777777778
1 0.46875 0.5048611111111111 0.0265625 0.08194444444444444
1 0.356640625 0.5159722222222223 0.02890625 0.07083333333333333
1 0.86328125 0.3736111111111111 0.01875 0.05
1 0.673046875 0.6222222222222222 0.01796875 0.08333333333333333
1 0.84921875 0.5034722222222222 0.0171875 0.07361111111111111
1 0.4265625 0.43194444444444446 0.0234375 0.07222222222222222
1 0.633203125 0.7034722222222223 0.02109375 0.06805555555555555
1 0.3671875 0.6722222222222223 0.021875 0.09722222222222222
0 0.476953125 0.5069444444444444 0.02734375 0.08333333333333333
1 0.364453125 0.5152777777777777 0.02734375 0.06944444444444445
1 0.4109375 0.6555555555555556 0.021875 0.08888888888888889
1 0.681640625 0.6236111111111111 0.02265625 0.09166666666666666
1 0.431640625 0.4340277777777778 0.01953125 0.07916666666666666
1 0.869921875 0.375 0.01640625 0.05555555555555555
1 0.658203125 0.8034722222222223 0.02421875 0.10694444444444444
1 0.857421875 0.5048611111111111 0.01796875 0.07916666666666666
0 0.640234375 0.7111111111111111 0.02265625 0.08611111111111111
1 0.482421875 0.5097222222222222 0.02421875 0.08333333333333333
1 0.415625 0.6555555555555556 0.0203125 0.08611111111111111
0 0.36953125 0.6715277777777777 0.028125 0.10138888888888889
1 0.866796875 0.5055555555555555 0.02265625 0.08055555555555556
1 0.689453125 0.625 0.02734375 0.09722222222222222
1 0.370703125 0.5145833333333333 0.02734375 0.07083333333333333
1 0.876171875 0.3819444444444444 0.01796875 0.06111111111111111
1 0.438671875 0.4305555555555556 0.01484375 0.075
1 0.66640625 0.80625 0.0234375 0.10416666666666667
1 0.833203125 0.325 0.02265625 0.05
1 0.64765625 0.7166666666666667 0.021875 0.09444444444444444
1 0.482421875 0.5097222222222222 0.02421875 0.08333333333333333
1 0.415625 0.6555555555555556 0.0203125 0.08611111111111111
1 0.36953125 0.6722222222222223 0.028125 0.10277777777777777
1 0.689453125 0.625 0.02734375 0.09722222222222222
1 0.866796875 0.5055555555555555 0.02265625 0.08055555555555556
1 0.370703125 0.5145833333333333 0.02734375 0.07083333333333333
1 0.876171875 0.3819444444444444 0.01796875 0.06111111111111111
0 0.438671875 0.4305555555555556 0.01484375 0.075
1 0.66640625 0.80625 0.0234375 0.10416666666666667
1 0.64765625 0.7166666666666667 0.021875 0.09444444444444444
0 0.833203125 0.325 0.02265625 0.05
1 0.488671875 0.5118055555555555 0.02109375 0.0875
1 0.694921875 0.625 0.02890625 0.09444444444444444
1 0.377734375 0.5166666666666667 0.02734375 0.07222222222222222
1 0.65546875 0.7159722222222222 0.021875 0.09583333333333334
1 0.87578125 0.5076388888888889 0.0265625 0.0763888888888889
1 0.423046875 0.6583333333333333 0.02734375 0.09166666666666666
1 0.37265625 0.6715277777777777 0.034375 0.10416666666666667
1 0.444921875 0.42986111111111114 0.01484375 0.07916666666666666
1 0.882421875 0.3819444444444444 0.01484375 0.06388888888888888
1 0.673046875 0.8104166666666667 0.02265625 0.10138888888888889
1 0.70234375 0.6229166666666667 0.03125 0.09305555555555556
1 0.44921875 0.42916666666666664 0.015625 0.07777777777777778
1 0.42890625 0.6604166666666667 0.0328125 0.09305555555555556
1 0.3734375 0.6673611111111111 0.0359375 0.09583333333333334
1 0.882421875 0.5048611111111111 0.02734375 0.07916666666666666
1 0.49375 0.5131944444444444 0.0234375 0.08194444444444444
1 0.38359375 0.5166666666666667 0.021875 0.07222222222222222
1 0.68046875 0.8111111111111111 0.021875 0.10555555555555556
1 0.84375 0.3284722222222222 0.0171875 0.05416666666666667
1 0.699609375 0.6208333333333333 0.02265625 0.08611111111111111
0 0.662890625 0.7208333333333333 0.02109375 0.09444444444444444
1 0.880859375 0.5020833333333333 0.02109375 0.07083333333333333
1 0.887890625 0.38055555555555554 0.02265625 0.05555555555555555
0 0.70234375 0.6229166666666667 0.03125 0.09305555555555556
0 0.44921875 0.42916666666666664 0.015625 0.07777777777777778
0 0.42890625 0.6604166666666667 0.0328125 0.09305555555555556
0 0.3734375 0.6673611111111111 0.0359375 0.09583333333333334
0 0.882421875 0.5048611111111111 0.02734375 0.07916666666666666
0 0.49375 0.5131944444444444 0.0234375 0.08194444444444444
0 0.38359375 0.5166666666666667 0.021875 0.07222222222222222
0 0.68046875 0.8111111111111111 0.021875 0.10555555555555556
0 0.84375 0.3284722222222222 0.0171875 0.05416666666666667
0 0.699609375 0.6208333333333333 0.02265625 0.08611111111111111
0 0.662890625 0.7208333333333333 0.02109375 0.09444444444444444
0 0.880859375 0.5020833333333333 0.02109375 0.07083333333333333
0 0.887890625 0.38055555555555554 0.02265625 0.05555555555555555
1 0.70234375 0.6229166666666667 0.03125 0.09305555555555556
1 0.44921875 0.42916666666666664 0.015625 0.07777777777777778
1 0.42890625 0.6604166666666667 0.0328125 0.09305555555555556
1 0.3734375 0.6673611111111111 0.0359375 0.09583333333333334
1 0.882421875 0.5048611111111111 0.02734375 0.07916666666666666
1 0.49375 0.5131944444444444 0.0234375 0.08194444444444444
1 0.38359375 0.5166666666666667 0.021875 0.07222222222222222
1 0.68046875 0.8111111111111111 0.021875 0.10555555555555556
1 0.84375 0.3284722222222222 0.0171875 0.05416666666666667
1 0.699609375 0.6208333333333333 0.02265625 0.08611111111111111
1 0.662890625 0.7208333333333333 0.02109375 0.09444444444444444
1 0.880859375 0.5020833333333333 0.02109375 0.07083333333333333
1 0.887890625 0.38055555555555554 0.02265625 0.05555555555555555
